3 0.43149038461538464 0.5036057692307693 0.7475961538461539 0.9663461538461539
2 0.640625 0.21875 0.0889423076923077 0.11298076923076923
2 0.5612980769230769 0.33533653846153844 0.0889423076923077 0.10817307692307693
2 0.4795673076923077 0.453125 0.08173076923076923 0.11298076923076923
2 0.40024038461538464 0.5685096153846154 0.08653846153846154 0.10817307692307693
2 0.31971153846153844 0.6814903846153846 0.08413461538461539 0.11538461538461539
0 0.7211538461538461 0.10096153846153846 0.06009615384615385 0.07451923076923077
0 0.6466346153846154 0.3317307692307692 0.0625 0.07451923076923077
0 0.6466346153846154 0.44591346153846156 0.06971153846153846 0.07211538461538461
0 0.5697115384615384 0.5600961538461539 0.06009615384615385 0.06490384615384616
0 0.49038461538461536 0.6754807692307693 0.06009615384615385 0.06971153846153846