3 0.4987980769230769 0.5661057692307693 0.9975961538461539 0.8629807692307693
2 0.2403846153846154 0.3449519230769231 0.11298076923076923 0.09134615384615384
2 0.7908653846153846 0.5600961538461539 0.11298076923076923 0.09134615384615384
2 0.8665865384615384 0.8942307692307693 0.10336538461538461 0.07932692307692307
2 0.13581730769230768 0.25240384615384615 0.10817307692307693 0.08653846153846154
2 0.0889423076923077 0.8425480769230769 0.11298076923076923 0.08413461538461539
2 0.9074519230769231 0.32572115384615385 0.10336538461538461 0.07932692307692307
2 0.1201923076923077 0.41947115384615385 0.11298076923076923 0.09134615384615384
2 0.125 0.33413461538461536 0.11298076923076923 0.09134615384615384
2 0.11057692307692307 0.5048076923076923 0.11298076923076923 0.09134615384615384
2 0.10216346153846154 0.5889423076923077 0.11778846153846154 0.0889423076923077
2 0.0985576923076923 0.6754807692307693 0.11778846153846154 0.09134615384615384
2 0.3425480769230769 0.5240384615384616 0.11538461538461539 0.0889423076923077
2 0.4338942307692308 0.7836538461538461 0.11778846153846154 0.08653846153846154
0 0.4579326923076923 0.5336538461538461 0.07211538461538461 0.06009615384615385
0 0.34375 0.5252403846153846 0.057692307692307696 0.055288461538461536
0 0.4723557692307692 0.3605769230769231 0.06490384615384616 0.06009615384615385
0 0.4639423076923077 0.4495192307692308 0.0673076923076923 0.057692307692307696
0 0.5673076923076923 0.5408653846153846 0.0625 0.057692307692307696
1 0.33533653846153844 0.6057692307692307 0.07451923076923077 0.0625
1 0.4495192307692308 0.6177884615384616 0.07451923076923077 0.057692307692307696
1 0.5528846153846154 0.6237980769230769 0.0673076923076923 0.057692307692307696
1 0.44591346153846156 0.7019230769230769 0.07211538461538461 0.052884615384615384
1 0.43149038461538464 0.7848557692307693 0.07451923076923077 0.057692307692307696
2 0.90625 0.40384615384615385 0.10576923076923077 0.08173076923076923
2 0.9038461538461539 0.48677884615384615 0.11298076923076923 0.09134615384615384
2 0.8966346153846154 0.5673076923076923 0.10817307692307693 0.08653846153846154
2 0.8918269230769231 0.6514423076923077 0.10817307692307693 0.08413461538461539
2 0.8834134615384616 0.7355769230769231 0.10817307692307693 0.08653846153846154
2 0.8762019230769231 0.8149038461538461 0.10336538461538461 0.07932692307692307
2 0.46875 0.3629807692307692 0.11538461538461539 0.0889423076923077