3 0.5408653846153846 0.4987980769230769 0.8317307692307693 0.9975961538461539
0 0.5552884615384616 0.7944711538461539 0.06009615384615385 0.06971153846153846
0 0.5600961538461539 0.6814903846153846 0.055288461538461536 0.06490384615384616
0 0.5612980769230769 0.5649038461538461 0.057692307692307696 0.0625
0 0.5649038461538461 0.4543269230769231 0.05048076923076923 0.06971153846153846
0 0.5685096153846154 0.34375 0.052884615384615384 0.055288461538461536
1 0.47475961538461536 0.6742788461538461 0.055288461538461536 0.06971153846153846
1 0.47716346153846156 0.5552884615384616 0.052884615384615384 0.06971153846153846
1 0.48197115384615385 0.453125 0.052884615384615384 0.06490384615384616
1 0.4879807692307692 0.33774038461538464 0.055288461538461536 0.0673076923076923
2 0.3870192307692308 0.6730769230769231 0.08653846153846154 0.11298076923076923
2 0.3942307692307692 0.5600961538461539 0.08173076923076923 0.10817307692307693