3 0.421875 0.49759615384615385 0.7043269230769231 0.9567307692307693
2 0.7151442307692307 0.5600961538461539 0.08413461538461539 0.11538461538461539
2 0.6286057692307693 0.5600961538461539 0.07932692307692307 0.10336538461538461
2 0.546875 0.5649038461538461 0.08413461538461539 0.10817307692307693
2 0.46033653846153844 0.5685096153846154 0.08413461538461539 0.10817307692307693
2 0.3762019230769231 0.5697115384615384 0.08173076923076923 0.10817307692307693
2 0.2932692307692308 0.5745192307692307 0.07932692307692307 0.11298076923076923
2 0.2091346153846154 0.5745192307692307 0.07451923076923077 0.10817307692307693
2 0.13341346153846154 0.5745192307692307 0.06971153846153846 0.10096153846153846
2 0.7163461538461539 0.6706730769230769 0.08173076923076923 0.10576923076923077
2 0.6346153846153846 0.6742788461538461 0.08413461538461539 0.10817307692307693
2 0.5480769230769231 0.6754807692307693 0.08413461538461539 0.11298076923076923
2 0.4651442307692308 0.6814903846153846 0.08413461538461539 0.10817307692307693
2 0.3798076923076923 0.6826923076923077 0.08173076923076923 0.10336538461538461
2 0.2980769230769231 0.6850961538461539 0.08173076923076923 0.10817307692307693
2 0.21634615384615385 0.6862980769230769 0.07451923076923077 0.11057692307692307
2 0.140625 0.6802884615384616 0.06490384615384616 0.0985576923076923
2 0.71875 0.7764423076923077 0.07932692307692307 0.10817307692307693
2 0.6358173076923077 0.7848557692307693 0.07932692307692307 0.10817307692307693
2 0.5480769230769231 0.7872596153846154 0.08413461538461539 0.10817307692307693
2 0.4651442307692308 0.7920673076923077 0.08413461538461539 0.10336538461538461
2 0.38341346153846156 0.7908653846153846 0.07932692307692307 0.10817307692307693
2 0.2980769230769231 0.7932692307692307 0.07932692307692307 0.10096153846153846
2 0.21875 0.7920673076923077 0.07211538461538461 0.0985576923076923
2 0.14543269230769232 0.7908653846153846 0.0673076923076923 0.09375
2 0.7211538461538461 0.8918269230769231 0.08413461538461539 0.10817307692307693
2 0.6370192307692307 0.8942307692307693 0.08413461538461539 0.10817307692307693
2 0.5540865384615384 0.8942307692307693 0.08173076923076923 0.10336538461538461
2 0.4699519230769231 0.8990384615384616 0.08173076923076923 0.10817307692307693
2 0.38822115384615385 0.9002403846153846 0.07932692307692307 0.10336538461538461
2 0.30528846153846156 0.9026442307692307 0.07692307692307693 0.10336538461538461
2 0.2247596153846154 0.9002403846153846 0.07451923076923077 0.0985576923076923
2 0.1502403846153846 0.8966346153846154 0.06971153846153846 0.09375