3 0.5060096153846154 0.5300480769230769 0.9663461538461539 0.7908653846153846
1 0.23317307692307693 0.5480769230769231 0.07692307692307693 0.06490384615384616
1 0.23317307692307693 0.71875 0.07692307692307693 0.06009615384615385
1 0.35096153846153844 0.3762019230769231 0.07211538461538461 0.06009615384615385
2 0.6862980769230769 0.6237980769230769 0.10817307692307693 0.0889423076923077
2 0.7908653846153846 0.4579326923076923 0.10576923076923077 0.0889423076923077
0 0.6790865384615384 0.3737980769230769 0.0673076923076923 0.052884615384615384
0 0.6814903846153846 0.5420673076923077 0.07451923076923077 0.06490384615384616
0 0.46033653846153844 0.7956730769230769 0.07211538461538461 0.057692307692307696
2 0.8004807692307693 0.7079326923076923 0.10817307692307693 0.08413461538461539
2 0.23557692307692307 0.5456730769230769 0.1201923076923077 0.0889423076923077
2 0.4639423076923077 0.796875 0.11778846153846154 0.08173076923076923