3 0.5552884615384616 0.5036057692307693 0.7548076923076923 0.9831730769230769
2 0.4891826923076923 0.23076923076923078 0.08413461538461539 0.11057692307692307
2 0.44711538461538464 0.7896634615384616 0.08653846153846154 0.11538461538461539
2 0.41346153846153844 0.34975961538461536 0.08653846153846154 0.11057692307692307
2 0.3641826923076923 0.7932692307692307 0.08653846153846154 0.11057692307692307
2 0.5336538461538461 0.8930288461538461 0.08653846153846154 0.11298076923076923
2 0.6129807692307693 0.7752403846153846 0.08653846153846154 0.11778846153846154
2 0.6862980769230769 0.6586538461538461 0.08653846153846154 0.11057692307692307
2 0.5925480769230769 0.5540865384615384 0.08653846153846154 0.11298076923076923
2 0.6634615384615384 0.32572115384615385 0.09134615384615384 0.11538461538461539
2 0.7367788461538461 0.20793269230769232 0.08653846153846154 0.11057692307692307
1 0.5360576923076923 0.890625 0.05048076923076923 0.06490384615384616
0 0.41586538461538464 0.34975961538461536 0.055288461538461536 0.0673076923076923