3 0.5012019230769231 0.5324519230769231 0.9495192307692307 0.7091346153846154
2 0.890625 0.7391826923076923 0.10336538461538461 0.07932692307692307
2 0.5661057692307693 0.5649038461538461 0.10336538461538461 0.08173076923076923
2 0.671875 0.6514423076923077 0.10817307692307693 0.08173076923076923
2 0.7836538461538461 0.7355769230769231 0.10817307692307693 0.07932692307692307
2 0.8882211538461539 0.8209134615384616 0.10336538461538461 0.07932692307692307
2 0.8762019230769231 0.25600961538461536 0.09375 0.06971153846153846
1 0.875 0.33413461538461536 0.0673076923076923 0.04807692307692308
1 0.8846153846153846 0.4110576923076923 0.0625 0.052884615384615384
1 0.8810096153846154 0.49399038461538464 0.07451923076923077 0.06009615384615385
1 0.8870192307692307 0.5697115384615384 0.06971153846153846 0.06009615384615385
1 0.8894230769230769 0.6550480769230769 0.0625 0.06490384615384616