3 0.4963942307692308 0.4987980769230769 0.7716346153846154 0.9975961538461539
2 0.1814903846153846 0.25 0.0889423076923077 0.11538461538461539
2 0.1875 0.36177884615384615 0.09134615384615384 0.11538461538461539
2 0.35216346153846156 0.234375 0.0889423076923077 0.11778846153846154
2 0.36177884615384615 0.3485576923076923 0.0889423076923077 0.11538461538461539
2 0.390625 0.6862980769230769 0.0889423076923077 0.11538461538461539
2 0.30649038461538464 0.6947115384615384 0.0889423076923077 0.11778846153846154
2 0.6586538461538461 0.8774038461538461 0.0889423076923077 0.10576923076923077
2 0.7415865384615384 0.8665865384615384 0.0889423076923077 0.10576923076923077
2 0.6153846153846154 0.3269230769230769 0.0889423076923077 0.11298076923076923
2 0.5396634615384616 0.44591346153846156 0.08653846153846154 0.11538461538461539
2 0.5204326923076923 0.21754807692307693 0.0889423076923077 0.11538461538461539
2 0.6887019230769231 0.20432692307692307 0.0889423076923077 0.11298076923076923
2 0.7079326923076923 0.42908653846153844 0.09134615384615384 0.11057692307692307