3 0.4987980769230769 0.5588942307692307 0.9975961538461539 0.8100961538461539
2 0.078125 0.3173076923076923 0.10817307692307693 0.08413461538461539
2 0.08653846153846154 0.39783653846153844 0.10576923076923077 0.08653846153846154
2 0.09735576923076923 0.4795673076923077 0.10336538461538461 0.08653846153846154
2 0.10697115384615384 0.5588942307692307 0.10817307692307693 0.08653846153846154
2 0.36538461538461536 0.8605769230769231 0.11298076923076923 0.08653846153846154
2 0.14903846153846154 0.8846153846153846 0.10817307692307693 0.09375
2 0.5096153846153846 0.2668269230769231 0.11298076923076923 0.09134615384615384
2 0.8245192307692307 0.23076923076923078 0.10336538461538461 0.09134615384615384
2 0.875 0.6298076923076923 0.10576923076923077 0.08653846153846154
2 0.8966346153846154 0.7908653846153846 0.11057692307692307 0.08653846153846154
2 0.8521634615384616 0.4723557692307692 0.10576923076923077 0.08653846153846154
1 0.07692307692307693 0.31971153846153844 0.08173076923076923 0.055288461538461536
1 0.5048076923076923 0.2668269230769231 0.07211538461538461 0.052884615384615384
1 0.7283653846153846 0.32091346153846156 0.07211538461538461 0.055288461538461536
1 0.7872596153846154 0.7211538461538461 0.08413461538461539 0.055288461538461536
1 0.2512019230769231 0.8725961538461539 0.07211538461538461 0.055288461538461536
1 0.8197115384615384 0.23197115384615385 0.06971153846153846 0.055288461538461536
0 0.19230769230769232 0.3858173076923077 0.07451923076923077 0.06009615384615385
0 0.6322115384615384 0.4170673076923077 0.08653846153846154 0.06009615384615385
0 0.8329326923076923 0.3125 0.07451923076923077 0.057692307692307696
0 0.14783653846153846 0.8810096153846154 0.07692307692307693 0.055288461538461536
0 0.5793269230769231 0.8329326923076923 0.07692307692307693 0.055288461538461536
0 0.8990384615384616 0.7920673076923077 0.06971153846153846 0.055288461538461536