3 0.45072115384615385 0.48197115384615385 0.6947115384615384 0.9302884615384616
2 0.7307692307692307 0.09375 0.07932692307692307 0.10576923076923077
2 0.7319711538461539 0.3173076923076923 0.07692307692307693 0.10817307692307693
2 0.734375 0.5384615384615384 0.08173076923076923 0.10576923076923077
2 0.734375 0.6466346153846154 0.07692307692307693 0.10336538461538461
2 0.7367788461538461 0.8617788461538461 0.07451923076923077 0.10096153846153846
2 0.6526442307692307 0.20192307692307693 0.08413461538461539 0.10817307692307693
2 0.6526442307692307 0.31850961538461536 0.08173076923076923 0.10336538461538461
2 0.6538461538461539 0.5408653846153846 0.08413461538461539 0.10336538461538461
2 0.65625 0.6514423076923077 0.08173076923076923 0.10336538461538461
2 0.6574519230769231 0.8653846153846154 0.08413461538461539 0.10336538461538461
0 0.7283653846153846 0.09735576923076923 0.05048076923076923 0.06009615384615385
0 0.7319711538461539 0.3173076923076923 0.05048076923076923 0.057692307692307696
0 0.7367788461538461 0.5408653846153846 0.05048076923076923 0.0625
0 0.7367788461538461 0.6538461538461539 0.052884615384615384 0.0673076923076923
0 0.7379807692307693 0.8653846153846154 0.052884615384615384 0.06009615384615385
0 0.6514423076923077 0.20432692307692307 0.057692307692307696 0.07211538461538461
0 0.6490384615384616 0.3173076923076923 0.06490384615384616 0.07692307692307693
0 0.6538461538461539 0.5480769230769231 0.057692307692307696 0.0673076923076923
0 0.6550480769230769 0.6550480769230769 0.057692307692307696 0.057692307692307696
0 0.6598557692307693 0.8677884615384616 0.06490384615384616 0.06971153846153846
1 0.7319711538461539 0.21514423076923078 0.04807692307692308 0.0673076923076923
1 0.7331730769230769 0.43149038461538464 0.052884615384615384 0.0625
1 0.7391826923076923 0.7596153846153846 0.04807692307692308 0.0625
1 0.6502403846153846 0.09134615384615384 0.055288461538461536 0.0625
1 0.6538461538461539 0.43509615384615385 0.055288461538461536 0.06490384615384616
1 0.6598557692307693 0.7620192307692307 0.057692307692307696 0.0673076923076923