3 0.4735576923076923 0.4987980769230769 0.8894230769230769 0.9975961538461539
2 0.5685096153846154 0.09134615384615384 0.10336538461538461 0.12259615384615384
2 0.5480769230769231 0.20793269230769232 0.10096153846153846 0.12259615384615384
2 0.5324519230769231 0.3233173076923077 0.0985576923076923 0.12740384615384615
2 0.5144230769230769 0.43509615384615385 0.09134615384615384 0.11538461538461539
2 0.5 0.5432692307692307 0.09615384615384616 0.11778846153846154
2 0.4831730769230769 0.6526442307692307 0.09375 0.11298076923076923
2 0.4651442307692308 0.19230769230769232 0.09615384615384616 0.11778846153846154
2 0.43149038461538464 0.421875 0.09134615384615384 0.11057692307692307
2 0.5997596153846154 0.44471153846153844 0.09615384615384616 0.11298076923076923
2 0.546875 0.7716346153846154 0.09615384615384616 0.11057692307692307
2 0.2800480769230769 0.2848557692307692 0.0985576923076923 0.12259615384615384
2 0.7259615384615384 0.6875 0.09134615384615384 0.11538461538461539