3 0.44591346153846156 0.4987980769230769 0.8341346153846154 0.9975961538461539
2 0.5336538461538461 0.7668269230769231 0.09375 0.11538461538461539
2 0.5276442307692307 0.20673076923076922 0.09615384615384616 0.1201923076923077
2 0.5985576923076923 0.6430288461538461 0.09615384615384616 0.11538461538461539
2 0.6105769230769231 0.19591346153846154 0.09615384615384616 0.11538461538461539
2 0.43149038461538464 0.11177884615384616 0.09615384615384616 0.11778846153846154
2 0.3629807692307692 0.23557692307692307 0.09615384615384616 0.12259615384615384
2 0.3004807692307692 0.3581730769230769 0.09615384615384616 0.11538461538461539
2 0.4026442307692308 0.4543269230769231 0.09615384615384616 0.11778846153846154
2 0.35336538461538464 0.6887019230769231 0.10096153846153846 0.12259615384615384
2 0.28966346153846156 0.8112980769230769 0.09615384615384616 0.11778846153846154
1 0.43028846153846156 0.1141826923076923 0.055288461538461536 0.06971153846153846
0 0.5961538461538461 0.6418269230769231 0.0625 0.07211538461538461