0 0.16947115384615385 0.8858173076923077 0.09134615384615384 0.07211538461538461
0 0.2439903846153846 0.6959134615384616 0.08173076923076923 0.07451923076923077
0 0.46875 0.6526442307692307 0.07211538461538461 0.07211538461538461
0 0.44350961538461536 0.49158653846153844 0.08413461538461539 0.06971153846153846
0 0.5625 0.5540865384615384 0.08173076923076923 0.06971153846153846
0 0.6574519230769231 0.45072115384615385 0.0889423076923077 0.07932692307692307
0 0.7307692307692307 0.2692307692307692 0.08653846153846154 0.07211538461538461
1 0.2644230769230769 0.78125 0.07451923076923077 0.0673076923076923
1 0.36177884615384615 0.6778846153846154 0.08173076923076923 0.07211538461538461
1 0.45913461538461536 0.5733173076923077 0.07692307692307693 0.0673076923076923
1 0.5552884615384616 0.4675480769230769 0.07692307692307693 0.0673076923076923
1 0.6442307692307693 0.36899038461538464 0.08173076923076923 0.06971153846153846
3 0.4987980769230769 0.546875 0.9975961538461539 0.9014423076923077