3 0.45072115384615385 0.48677884615384615 0.7572115384615384 0.9735576923076923
2 0.7019230769230769 0.078125 0.08653846153846154 0.11057692307692307
2 0.71875 0.3004807692307692 0.08413461538461539 0.11298076923076923
2 0.7355769230769231 0.5216346153846154 0.0889423076923077 0.11057692307692307
2 0.7439903846153846 0.6298076923076923 0.08413461538461539 0.10817307692307693
2 0.7620192307692307 0.84375 0.07932692307692307 0.10336538461538461
2 0.6310096153846154 0.19230769230769232 0.09134615384615384 0.11298076923076923
2 0.640625 0.3076923076923077 0.0889423076923077 0.10817307692307693
2 0.65625 0.5300480769230769 0.09134615384615384 0.10817307692307693
2 0.6670673076923077 0.6394230769230769 0.0889423076923077 0.10817307692307693
2 0.6826923076923077 0.8533653846153846 0.09134615384615384 0.10817307692307693
0 0.6995192307692307 0.08173076923076923 0.055288461538461536 0.06490384615384616
0 0.71875 0.3004807692307692 0.055288461538461536 0.0625
0 0.7379807692307693 0.5240384615384616 0.055288461538461536 0.0673076923076923
0 0.7475961538461539 0.6370192307692307 0.057692307692307696 0.07211538461538461
0 0.7632211538461539 0.8473557692307693 0.057692307692307696 0.06490384615384616
0 0.6298076923076923 0.19471153846153846 0.0625 0.07692307692307693
0 0.6358173076923077 0.3076923076923077 0.06971153846153846 0.08173076923076923
0 0.65625 0.5372596153846154 0.0625 0.07211538461538461
0 0.6658653846153846 0.6430288461538461 0.0625 0.0625
0 0.6850961538461539 0.8557692307692307 0.0673076923076923 0.07451923076923077
1 0.7115384615384616 0.19951923076923078 0.052884615384615384 0.07211538461538461
1 0.7283653846153846 0.41466346153846156 0.057692307692307696 0.0673076923076923
1 0.7560096153846154 0.7415865384615384 0.052884615384615384 0.0673076923076923
1 0.6213942307692307 0.08173076923076923 0.06009615384615385 0.0673076923076923
1 0.6490384615384616 0.42427884615384615 0.06009615384615385 0.06971153846153846
1 0.6778846153846154 0.75 0.0625 0.07211538461538461