3 0.4543269230769231 0.4987980769230769 0.8028846153846154 0.9975961538461539
0 0.7019230769230769 0.09975961538461539 0.06009615384615385 0.0625
0 0.7139423076923077 0.2127403846153846 0.06009615384615385 0.07692307692307693
0 0.3076923076923077 0.2536057692307692 0.0673076923076923 0.0673076923076923
0 0.21033653846153846 0.15985576923076922 0.06009615384615385 0.06971153846153846
0 0.1310096153846154 0.16346153846153846 0.06490384615384616 0.0673076923076923
0 0.28846153846153844 0.8137019230769231 0.06490384615384616 0.07211538461538461
0 0.17307692307692307 0.49158653846153844 0.06009615384615385 0.07451923076923077
1 0.7247596153846154 0.3161057692307692 0.0625 0.06971153846153846
1 0.3870192307692308 0.24158653846153846 0.06490384615384616 0.08173076923076923
1 0.5673076923076923 0.33774038461538464 0.06490384615384616 0.07932692307692307
1 0.3701923076923077 0.7956730769230769 0.06490384615384616 0.0673076923076923
1 0.6935096153846154 0.7596153846153846 0.06490384615384616 0.07692307692307693