3 0.5276442307692307 0.4987980769230769 0.7908653846153846 0.9975961538461539
2 0.5180288461538461 0.9146634615384616 0.09134615384615384 0.11538461538461539
2 0.5132211538461539 0.7956730769230769 0.0889423076923077 0.11538461538461539
2 0.5048076923076923 0.6790865384615384 0.08653846153846154 0.1201923076923077
2 0.5 0.5661057692307693 0.08173076923076923 0.11057692307692307
2 0.49038461538461536 0.4567307692307692 0.08653846153846154 0.11057692307692307
2 0.484375 0.34615384615384615 0.08413461538461539 0.10576923076923077
2 0.5985576923076923 0.7932692307692307 0.08653846153846154 0.11057692307692307
2 0.5829326923076923 0.5612980769230769 0.08173076923076923 0.10576923076923077
2 0.41346153846153844 0.5745192307692307 0.08653846153846154 0.10576923076923077
2 0.39783653846153844 0.2439903846153846 0.08653846153846154 0.10336538461538461
2 0.7596153846153846 0.6646634615384616 0.08653846153846154 0.11538461538461539
2 0.2403846153846154 0.3629807692307692 0.08173076923076923 0.11057692307692307