3 0.53125 0.4987980769230769 0.8461538461538461 0.9975961538461539
2 0.6598557692307693 0.07091346153846154 0.09375 0.11298076923076923
2 0.5504807692307693 0.4230769230769231 0.09615384615384616 0.11298076923076923
2 0.6153846153846154 0.30288461538461536 0.09615384615384616 0.11778846153846154
2 0.6778846153846154 0.17668269230769232 0.09375 0.11778846153846154
2 0.7403846153846154 0.057692307692307696 0.09375 0.11298076923076923
2 0.18990384615384615 0.1778846153846154 0.08173076923076923 0.10336538461538461
1 0.265625 0.16346153846153846 0.06009615384615385 0.07451923076923077
1 0.3389423076923077 0.13942307692307693 0.0625 0.06971153846153846
1 0.4206730769230769 0.12740384615384615 0.06971153846153846 0.08413461538461539
1 0.49399038461538464 0.10697115384615384 0.06971153846153846 0.07932692307692307
1 0.578125 0.0889423076923077 0.07451923076923077 0.07211538461538461