3 0.5288461538461539 0.4987980769230769 0.7740384615384616 0.9975961538461539
2 0.48197115384615385 0.9146634615384616 0.09134615384615384 0.11298076923076923
2 0.48677884615384615 0.7956730769230769 0.0889423076923077 0.11298076923076923
2 0.4891826923076923 0.6790865384615384 0.08653846153846154 0.11778846153846154
2 0.49399038461538464 0.5661057692307693 0.08173076923076923 0.10817307692307693
2 0.49399038461538464 0.4567307692307692 0.08653846153846154 0.10817307692307693
2 0.49759615384615385 0.34615384615384615 0.08173076923076923 0.10336538461538461
2 0.5721153846153846 0.8004807692307693 0.08653846153846154 0.10817307692307693
2 0.5769230769230769 0.5685096153846154 0.07932692307692307 0.10336538461538461
2 0.4074519230769231 0.5661057692307693 0.08413461538461539 0.10336538461538461
2 0.4206730769230769 0.23677884615384615 0.08413461538461539 0.10096153846153846
2 0.7451923076923077 0.6862980769230769 0.08653846153846154 0.11298076923076923
2 0.25240384615384615 0.34134615384615385 0.08173076923076923 0.10817307692307693