3 0.4699519230769231 0.4987980769230769 0.7836538461538461 0.9903846153846154
2 0.6009615384615384 0.4675480769230769 0.09375 0.11538461538461539
2 0.5625 0.796875 0.0889423076923077 0.10817307692307693
1 0.4495192307692308 0.33774038461538464 0.052884615384615384 0.0625
1 0.4723557692307692 0.11057692307692307 0.055288461538461536 0.06490384615384616
1 0.21153846153846154 0.20072115384615385 0.057692307692307696 0.07451923076923077
1 0.16826923076923078 0.640625 0.055288461538461536 0.0673076923076923
1 0.27884615384615385 0.31850961538461536 0.06009615384615385 0.06971153846153846
1 0.3485576923076923 0.44350961538461536 0.0673076923076923 0.0673076923076923
0 0.34134615384615385 0.546875 0.06009615384615385 0.057692307692307696
1 0.37740384615384615 0.21514423076923078 0.055288461538461536 0.0673076923076923
1 0.4266826923076923 0.5588942307692307 0.057692307692307696 0.07211538461538461
1 0.39783653846153844 0.7800480769230769 0.052884615384615384 0.0625
1 0.5757211538461539 0.6887019230769231 0.0625 0.0673076923076923
0 0.45913461538461536 0.22235576923076922 0.052884615384615384 0.06009615384615385
0 0.36177884615384615 0.328125 0.055288461538461536 0.06490384615384616
0 0.4387019230769231 0.45072115384615385 0.052884615384615384 0.0625
0 0.4891826923076923 0.6790865384615384 0.06490384615384616 0.06971153846153846
0 0.41466346153846156 0.6670673076923077 0.0625 0.07211538461538461
0 0.3269230769230769 0.6610576923076923 0.0625 0.06009615384615385
0 0.24639423076923078 0.6478365384615384 0.06009615384615385 0.0673076923076923
0 0.390625 0.8822115384615384 0.052884615384615384 0.052884615384615384
2 0.4579326923076923 0.22115384615384615 0.09134615384615384 0.11298076923076923
2 0.3713942307692308 0.21394230769230768 0.09134615384615384 0.11298076923076923
2 0.27884615384615385 0.3173076923076923 0.09134615384615384 0.11298076923076923
2 0.35096153846153844 0.43990384615384615 0.09375 0.11538461538461539
2 0.3629807692307692 0.32572115384615385 0.08653846153846154 0.11298076923076923
2 0.41225961538461536 0.6694711538461539 0.09134615384615384 0.11298076923076923
2 0.4338942307692308 0.4495192307692308 0.08653846153846154 0.11298076923076923
2 0.44471153846153844 0.33653846153846156 0.09375 0.11778846153846154
2 0.46875 0.10817307692307693 0.09375 0.11778846153846154
2 0.2091346153846154 0.19831730769230768 0.08173076923076923 0.10817307692307693
2 0.16466346153846154 0.640625 0.08653846153846154 0.10576923076923077
2 0.24759615384615385 0.6502403846153846 0.08653846153846154 0.10817307692307693
2 0.3269230769230769 0.6610576923076923 0.08653846153846154 0.10817307692307693
2 0.38822115384615385 0.8882211538461539 0.08653846153846154 0.10817307692307693
2 0.421875 0.5600961538461539 0.08653846153846154 0.11298076923076923
2 0.5769230769230769 0.6899038461538461 0.09134615384615384 0.11298076923076923
2 0.49158653846153844 0.6802884615384616 0.0889423076923077 0.11298076923076923
2 0.39783653846153844 0.7800480769230769 0.0889423076923077 0.11298076923076923
2 0.15745192307692307 0.7475961538461539 0.08173076923076923 0.10096153846153846
2 0.3173076923076923 0.7680288461538461 0.08653846153846154 0.10817307692307693