3 0.47716346153846156 0.5612980769230769 0.9543269230769231 0.7668269230769231
2 0.11298076923076923 0.34134615384615385 0.10576923076923077 0.08173076923076923
2 0.7620192307692307 0.37740384615384615 0.10336538461538461 0.07692307692307693
0 0.7620192307692307 0.4579326923076923 0.0673076923076923 0.06009615384615385
1 0.6550480769230769 0.4495192307692308 0.06490384615384616 0.05048076923076923
1 0.6514423076923077 0.5300480769230769 0.06490384615384616 0.04807692307692308
1 0.5432692307692307 0.5264423076923077 0.06490384615384616 0.055288461538461536
1 0.4423076923076923 0.5240384615384616 0.06490384615384616 0.055288461538461536
1 0.3317307692307692 0.5168269230769231 0.06971153846153846 0.057692307692307696
1 0.4338942307692308 0.6033653846153846 0.07211538461538461 0.06009615384615385
0 0.6466346153846154 0.6117788461538461 0.06009615384615385 0.057692307692307696
0 0.7548076923076923 0.6153846153846154 0.06490384615384616 0.057692307692307696
0 0.7572115384615384 0.5348557692307693 0.06009615384615385 0.06009615384615385
0 0.7584134615384616 0.6983173076923077 0.06971153846153846 0.06009615384615385
2 0.43509615384615385 0.6021634615384616 0.11057692307692307 0.08173076923076923
0 0.7644230769230769 0.37740384615384615 0.06009615384615385 0.05048076923076923
2 0.4230769230769231 0.8413461538461539 0.0985576923076923 0.06971153846153846