3 0.46153846153846156 0.49759615384615385 0.7644230769230769 0.9927884615384616
0 0.65625 0.11057692307692307 0.055288461538461536 0.06490384615384616
0 0.5793269230769231 0.21875 0.057692307692307696 0.07932692307692307
0 0.5036057692307693 0.3329326923076923 0.052884615384615384 0.06971153846153846
0 0.41346153846153844 0.21634615384615385 0.06009615384615385 0.07451923076923077
0 0.3329326923076923 0.22235576923076922 0.057692307692307696 0.06971153846153846
0 0.4254807692307692 0.44591346153846156 0.06490384615384616 0.06490384615384616
0 0.3485576923076923 0.5637019230769231 0.06009615384615385 0.06490384615384616
0 0.25 0.23076923076923078 0.06009615384615385 0.07932692307692307
0 0.16826923076923078 0.23677884615384615 0.06009615384615385 0.06971153846153846
1 0.4951923076923077 0.22355769230769232 0.06009615384615385 0.07692307692307693
1 0.5072115384615384 0.4483173076923077 0.06009615384615385 0.07211538461538461
1 0.5084134615384616 0.5492788461538461 0.055288461538461536 0.07451923076923077
1 0.5144230769230769 0.65625 0.055288461538461536 0.07211538461538461
1 0.5192307692307693 0.7620192307692307 0.06009615384615385 0.0673076923076923
1 0.5252403846153846 0.8677884615384616 0.055288461538461536 0.0673076923076923
1 0.4230769230769231 0.3389423076923077 0.055288461538461536 0.07451923076923077
1 0.42788461538461536 0.5600961538461539 0.055288461538461536 0.07451923076923077
1 0.27524038461538464 0.6730769230769231 0.05048076923076923 0.0673076923076923
2 0.578125 0.21875 0.08173076923076923 0.11298076923076923
2 0.5072115384615384 0.44591346153846156 0.07451923076923077 0.10336538461538461
2 0.5132211538461539 0.5528846153846154 0.07932692307692307 0.10336538461538461
2 0.33774038461538464 0.3449519230769231 0.07932692307692307 0.10817307692307693
2 0.3293269230769231 0.23197115384615385 0.08173076923076923 0.10817307692307693
2 0.41586538461538464 0.2283653846153846 0.08413461538461539 0.11298076923076923