0 0.19230769230769232 0.09735576923076923 0.06009615384615385 0.08413461538461539
0 0.3605769230769231 0.2091346153846154 0.06490384615384616 0.07451923076923077
0 0.35697115384615385 0.4375 0.06490384615384616 0.06490384615384616
0 0.5204326923076923 0.44711538461538464 0.06009615384615385 0.07692307692307693
0 0.43509615384615385 0.5492788461538461 0.06009615384615385 0.07451923076923077
0 0.515625 0.6646634615384616 0.06971153846153846 0.08173076923076923
0 0.6778846153846154 0.7728365384615384 0.0625 0.07932692307692307
1 0.27403846153846156 0.21033653846153846 0.06009615384615385 0.0673076923076923
1 0.3545673076923077 0.328125 0.0625 0.07451923076923077
1 0.4375 0.44471153846153844 0.06009615384615385 0.06971153846153846
1 0.5204326923076923 0.5612980769230769 0.057692307692307696 0.06971153846153846
1 0.5985576923076923 0.6682692307692307 0.06009615384615385 0.07451923076923077
3 0.4495192307692308 0.49038461538461536 0.7884615384615384 0.96875