3 0.4987980769230769 0.5300480769230769 0.9975961538461539 0.8004807692307693
2 0.46875 0.39783653846153844 0.11778846153846154 0.09375
2 0.7980769230769231 0.4423076923076923 0.11057692307692307 0.09134615384615384
1 0.33653846153846156 0.5480769230769231 0.0625 0.055288461538461536
1 0.109375 0.5216346153846154 0.06490384615384616 0.055288461538461536
1 0.19471153846153846 0.7836538461538461 0.07451923076923077 0.057692307692307696
1 0.6346153846153846 0.8341346153846154 0.0673076923076923 0.055288461538461536
1 0.31490384615384615 0.71875 0.06971153846153846 0.06009615384615385
1 0.43990384615384615 0.6502403846153846 0.06971153846153846 0.0673076923076923
0 0.5444711538461539 0.6598557692307693 0.06009615384615385 0.0625
1 0.2127403846153846 0.6177884615384616 0.0673076923076923 0.055288461538461536
1 0.5576923076923077 0.5745192307692307 0.07211538461538461 0.057692307692307696
1 0.7788461538461539 0.6069711538461539 0.0625 0.055288461538461536
1 0.6911057692307693 0.42788461538461536 0.06971153846153846 0.0625
0 0.22235576923076922 0.5360576923076923 0.06009615384615385 0.055288461538461536
0 0.32572115384615385 0.6346153846153846 0.06490384615384616 0.057692307692307696
0 0.45072115384615385 0.5600961538461539 0.0625 0.055288461538461536
0 0.6790865384615384 0.5132211538461539 0.07211538461538461 0.06490384615384616
0 0.6658653846153846 0.5877403846153846 0.07451923076923077 0.0625
0 0.6574519230769231 0.6754807692307693 0.0625 0.06490384615384616
0 0.6430288461538461 0.7560096153846154 0.0673076923076923 0.06009615384615385
0 0.8810096153846154 0.6153846153846154 0.052884615384615384 0.052884615384615384
2 0.22115384615384615 0.5372596153846154 0.11538461538461539 0.09375
2 0.21153846153846154 0.6225961538461539 0.11538461538461539 0.09375
2 0.3137019230769231 0.7175480769230769 0.11538461538461539 0.09375
2 0.4375 0.6490384615384616 0.11778846153846154 0.09375
2 0.3233173076923077 0.6346153846153846 0.11538461538461539 0.0889423076923077
2 0.6682692307692307 0.5913461538461539 0.11538461538461539 0.09375
2 0.4483173076923077 0.5649038461538461 0.11538461538461539 0.0889423076923077
2 0.33653846153846156 0.5528846153846154 0.1201923076923077 0.09375
2 0.10817307692307693 0.5240384615384616 0.1201923076923077 0.09375
2 0.1935096153846154 0.7860576923076923 0.10817307692307693 0.08413461538461539
2 0.6346153846153846 0.8377403846153846 0.10817307692307693 0.0889423076923077
2 0.6454326923076923 0.7548076923076923 0.11057692307692307 0.0889423076923077
2 0.6574519230769231 0.6754807692307693 0.11057692307692307 0.0889423076923077
2 0.8858173076923077 0.6189903846153846 0.11057692307692307 0.0889423076923077
2 0.5576923076923077 0.578125 0.11538461538461539 0.0889423076923077
2 0.6911057692307693 0.4266826923076923 0.11538461538461539 0.09375
2 0.6802884615384616 0.5108173076923077 0.11538461538461539 0.09134615384615384
2 0.7788461538461539 0.6069711538461539 0.11538461538461539 0.09134615384615384
2 0.7415865384615384 0.8473557692307693 0.10096153846153846 0.08413461538461539
2 0.765625 0.6875 0.11057692307692307 0.0889423076923077