3 0.4519230769230769 0.49038461538461536 0.71875 0.9639423076923077
0 0.7307692307692307 0.09014423076923077 0.05048076923076923 0.0673076923076923
0 0.6526442307692307 0.19831730769230768 0.057692307692307696 0.06009615384615385
0 0.7427884615384616 0.3112980769230769 0.05048076923076923 0.06009615384615385
0 0.65625 0.3137019230769231 0.06009615384615385 0.06971153846153846
0 0.5685096153846154 0.20673076923076922 0.06490384615384616 0.08413461538461539
0 0.5769230769230769 0.42908653846153844 0.06490384615384616 0.08173076923076923
0 0.48197115384615385 0.203125 0.06009615384615385 0.07451923076923077
0 0.3954326923076923 0.10216346153846154 0.0673076923076923 0.07692307692307693
0 0.23677884615384615 0.22355769230769232 0.06009615384615385 0.06490384615384616
0 0.14543269230769232 0.11177884615384616 0.052884615384615384 0.06490384615384616
0 0.31971153846153844 0.32572115384615385 0.057692307692307696 0.0625
0 0.4110576923076923 0.4375 0.06490384615384616 0.07692307692307693
0 0.5805288461538461 0.5432692307692307 0.06009615384615385 0.06490384615384616
0 0.6658653846153846 0.5504807692307693 0.06009615384615385 0.06971153846153846
0 0.7512019230769231 0.5408653846153846 0.055288461538461536 0.06490384615384616
0 0.7548076923076923 0.65625 0.052884615384615384 0.06971153846153846
0 0.6670673076923077 0.6598557692307693 0.06009615384615385 0.06490384615384616
0 0.5829326923076923 0.6574519230769231 0.06009615384615385 0.06971153846153846
0 0.41346153846153844 0.5564903846153846 0.06009615384615385 0.06490384615384616
0 0.3233173076923077 0.44591346153846156 0.0625 0.06009615384615385
0 0.23677884615384615 0.33533653846153844 0.06009615384615385 0.06971153846153846
0 0.16346153846153846 0.4495192307692308 0.055288461538461536 0.06971153846153846
0 0.17067307692307693 0.5612980769230769 0.05048076923076923 0.0673076923076923
0 0.33052884615384615 0.5564903846153846 0.055288461538461536 0.06971153846153846
0 0.4182692307692308 0.6610576923076923 0.0625 0.07211538461538461
0 0.25600961538461536 0.78125 0.055288461538461536 0.0625
0 0.1814903846153846 0.7800480769230769 0.052884615384615384 0.0625
0 0.1875 0.8798076923076923 0.05048076923076923 0.06009615384615385
0 0.4254807692307692 0.890625 0.057692307692307696 0.06009615384615385
0 0.5060096153846154 0.7740384615384616 0.06009615384615385 0.06490384615384616
0 0.59375 0.8810096153846154 0.057692307692307696 0.06971153846153846
0 0.6778846153846154 0.8737980769230769 0.057692307692307696 0.07451923076923077
0 0.7584134615384616 0.875 0.055288461538461536 0.06490384615384616