3 0.43149038461538464 0.47596153846153844 0.7692307692307693 0.9375
2 0.6598557692307693 0.203125 0.07932692307692307 0.10576923076923077
2 0.7379807692307693 0.09134615384615384 0.07692307692307693 0.10096153846153846
2 0.7403846153846154 0.20552884615384615 0.0673076923076923 0.10096153846153846
2 0.7403846153846154 0.3137019230769231 0.07211538461538461 0.10096153846153846
2 0.7391826923076923 0.4266826923076923 0.07211538461538461 0.10096153846153846
2 0.7403846153846154 0.5372596153846154 0.0673076923076923 0.10576923076923077
2 0.7403846153846154 0.6442307692307693 0.07211538461538461 0.10096153846153846
2 0.7415865384615384 0.7524038461538461 0.0673076923076923 0.0985576923076923
2 0.7427884615384616 0.8581730769230769 0.06971153846153846 0.0985576923076923
2 0.14783653846153846 0.10096153846153846 0.07211538461538461 0.10576923076923077
2 0.1502403846153846 0.21634615384615385 0.07692307692307693 0.10817307692307693
2 0.15504807692307693 0.33052884615384615 0.07211538461538461 0.10576923076923077
2 0.15985576923076922 0.4411057692307692 0.07451923076923077 0.10576923076923077
2 0.16346153846153846 0.5552884615384616 0.07451923076923077 0.10817307692307693
2 0.16706730769230768 0.6646634615384616 0.07211538461538461 0.10096153846153846
2 0.16947115384615385 0.7764423076923077 0.07211538461538461 0.10096153846153846
2 0.17067307692307693 0.8834134615384616 0.07451923076923077 0.10096153846153846
2 0.49399038461538464 0.3173076923076923 0.07692307692307693 0.11057692307692307
0 0.4951923076923077 0.31850961538461536 0.052884615384615384 0.0625
0 0.49278846153846156 0.4326923076923077 0.055288461538461536 0.0673076923076923
0 0.4963942307692308 0.5432692307692307 0.052884615384615384 0.057692307692307696
0 0.4987980769230769 0.6574519230769231 0.052884615384615384 0.057692307692307696
0 0.49759615384615385 0.7680288461538461 0.057692307692307696 0.0625
1 0.40865384615384615 0.31850961538461536 0.05048076923076923 0.0625
1 0.4110576923076923 0.43509615384615385 0.052884615384615384 0.0673076923076923
1 0.41346153846153844 0.5420673076923077 0.055288461538461536 0.07211538461538461
1 0.41466346153846156 0.6598557692307693 0.052884615384615384 0.06490384615384616
2 0.41346153846153844 0.6574519230769231 0.07692307692307693 0.10576923076923077
2 0.4987980769230769 0.7668269230769231 0.08173076923076923 0.11057692307692307