3 0.4987980769230769 0.5649038461538461 0.9975961538461539 0.8653846153846154
0 0.22355769230769232 0.47716346153846156 0.08413461538461539 0.0673076923076923
1 0.33653846153846156 0.45913461538461536 0.07211538461538461 0.06490384615384616
1 0.35096153846153844 0.5420673076923077 0.07451923076923077 0.0625
1 0.4723557692307692 0.6105769230769231 0.07451923076923077 0.06490384615384616
1 0.4795673076923077 0.6887019230769231 0.0673076923076923 0.06009615384615385
1 0.4891826923076923 0.7728365384615384 0.07211538461538461 0.057692307692307696
1 0.5925480769230769 0.6730769230769231 0.0673076923076923 0.057692307692307696
1 0.6875 0.5793269230769231 0.0673076923076923 0.05048076923076923
1 0.6983173076923077 0.6610576923076923 0.06490384615384616 0.0625
1 0.6021634615384616 0.7560096153846154 0.0625 0.055288461538461536
1 0.7043269230769231 0.7391826923076923 0.0625 0.052884615384615384
1 0.8100961538461539 0.7259615384615384 0.06490384615384616 0.055288461538461536
0 0.4375 0.36177884615384615 0.06490384615384616 0.0625
0 0.44471153846153844 0.4483173076923077 0.0673076923076923 0.06009615384615385
0 0.5576923076923077 0.43028846153846156 0.06971153846153846 0.06009615384615385
0 0.45552884615384615 0.5288461538461539 0.057692307692307696 0.055288461538461536
0 0.3713942307692308 0.7055288461538461 0.06490384615384616 0.0625
0 0.3786057692307692 0.7872596153846154 0.07692307692307693 0.06009615384615385
0 0.8040865384615384 0.6466346153846154 0.057692307692307696 0.057692307692307696
0 0.8161057692307693 0.8028846153846154 0.055288461538461536 0.052884615384615384
0 0.9134615384615384 0.7127403846153846 0.057692307692307696 0.057692307692307696