3 0.4987980769230769 0.5048076923076923 0.9975961538461539 0.7884615384615384
2 0.203125 0.7752403846153846 0.11778846153846154 0.09134615384615384
2 0.31490384615384615 0.7860576923076923 0.11778846153846154 0.09375
2 0.21514423076923078 0.6045673076923077 0.1201923076923077 0.09134615384615384
2 0.328125 0.6129807692307693 0.11778846153846154 0.09134615384615384
2 0.6670673076923077 0.6382211538461539 0.11778846153846154 0.09134615384615384
2 0.6610576923076923 0.7211538461538461 0.1201923076923077 0.09134615384615384
2 0.8966346153846154 0.4014423076923077 0.10817307692307693 0.09134615384615384
2 0.8990384615384616 0.31850961538461536 0.10817307692307693 0.09134615384615384
2 0.3473557692307692 0.3581730769230769 0.11538461538461539 0.09134615384615384
2 0.4519230769230769 0.4519230769230769 0.11778846153846154 0.0889423076923077
2 0.2247596153846154 0.4362980769230769 0.11778846153846154 0.09134615384615384
2 0.23798076923076922 0.2668269230769231 0.11538461538461539 0.09134615384615384
2 0.46274038461538464 0.28365384615384615 0.11298076923076923 0.09375