3 0.44471153846153844 0.49759615384615385 0.7235576923076923 0.9495192307692307
0 0.5576923076923077 0.1045673076923077 0.06490384615384616 0.07932692307692307
0 0.5673076923076923 0.3317307692307692 0.06009615384615385 0.06971153846153846
0 0.5769230769230769 0.5516826923076923 0.07451923076923077 0.08413461538461539
0 0.49038461538461536 0.4519230769230769 0.06009615384615385 0.07451923076923077
0 0.41225961538461536 0.5673076923076923 0.06971153846153846 0.07451923076923077
0 0.234375 0.35096153846153844 0.06490384615384616 0.08173076923076923
2 0.5625 0.21634615384615385 0.08653846153846154 0.11778846153846154
2 0.5709134615384616 0.43990384615384615 0.08653846153846154 0.10817307692307693
2 0.4963942307692308 0.5540865384615384 0.07932692307692307 0.10336538461538461
2 0.31009615384615385 0.23197115384615385 0.0889423076923077 0.11538461538461539
2 0.1778846153846154 0.6814903846153846 0.07211538461538461 0.10336538461538461
1 0.6586538461538461 0.5492788461538461 0.06009615384615385 0.07932692307692307
1 0.5817307692307693 0.65625 0.057692307692307696 0.07211538461538461
1 0.4807692307692308 0.33413461538461536 0.06490384615384616 0.07692307692307693
1 0.39783653846153844 0.33774038461538464 0.06009615384615385 0.07211538461538461
1 0.32211538461538464 0.46033653846153844 0.0625 0.07211538461538461
1 0.2548076923076923 0.6838942307692307 0.06009615384615385 0.07692307692307693
2 0.47716346153846156 0.22115384615384615 0.08653846153846154 0.10817307692307693
2 0.4074519230769231 0.453125 0.08173076923076923 0.10817307692307693
2 0.33052884615384615 0.5649038461538461 0.08173076923076923 0.10817307692307693
2 0.25 0.5721153846153846 0.07932692307692307 0.10817307692307693