3 0.43990384615384615 0.47716346153846156 0.7475961538461539 0.9423076923076923
2 0.6514423076923077 0.11057692307692307 0.07932692307692307 0.10336538461538461
2 0.6274038461538461 0.7596153846153846 0.07451923076923077 0.10096153846153846
0 0.5456730769230769 0.7608173076923077 0.06009615384615385 0.0673076923076923
1 0.5540865384615384 0.6550480769230769 0.05048076923076923 0.06490384615384616
1 0.4735576923076923 0.6514423076923077 0.04807692307692308 0.06490384615384616
1 0.47475961538461536 0.5432692307692307 0.055288461538461536 0.06490384615384616
1 0.47596153846153844 0.4423076923076923 0.055288461538461536 0.06490384615384616
1 0.4807692307692308 0.3317307692307692 0.057692307692307696 0.06971153846153846
1 0.3954326923076923 0.4362980769230769 0.06009615384615385 0.07211538461538461
0 0.3918269230769231 0.6490384615384616 0.057692307692307696 0.06009615384615385
0 0.38822115384615385 0.7572115384615384 0.057692307692307696 0.06490384615384616
0 0.4699519230769231 0.7572115384615384 0.06009615384615385 0.06009615384615385
0 0.30528846153846156 0.7608173076923077 0.06009615384615385 0.06971153846153846
2 0.39663461538461536 0.4375 0.08173076923076923 0.10817307692307693
0 0.6262019230769231 0.7620192307692307 0.05048076923076923 0.06009615384615385
2 0.15745192307692307 0.42908653846153844 0.0673076923076923 0.0985576923076923