3 0.5552884615384616 0.5048076923076923 0.7235576923076923 0.9591346153846154
2 0.4987980769230769 0.23076923076923078 0.08173076923076923 0.10817307692307693
2 0.4362980769230769 0.7872596153846154 0.08413461538461539 0.11298076923076923
2 0.41947115384615385 0.34615384615384615 0.08413461538461539 0.10817307692307693
2 0.35336538461538464 0.7884615384615384 0.08413461538461539 0.10817307692307693
2 0.5204326923076923 0.8942307692307693 0.08413461538461539 0.11057692307692307
2 0.6033653846153846 0.7800480769230769 0.08413461538461539 0.11538461538461539
2 0.6802884615384616 0.6646634615384616 0.08413461538461539 0.10817307692307693
2 0.5913461538461539 0.5576923076923077 0.08413461538461539 0.11057692307692307
2 0.6694711538461539 0.3317307692307692 0.0889423076923077 0.11298076923076923
2 0.7463942307692307 0.21634615384615385 0.08413461538461539 0.10817307692307693
1 0.5228365384615384 0.8918269230769231 0.04807692307692308 0.0625
0 0.421875 0.3473557692307692 0.052884615384615384 0.06490384615384616