3 0.46033653846153844 0.4951923076923077 0.7956730769230769 0.9903846153846154
0 0.4338942307692308 0.20793269230769232 0.057692307692307696 0.0673076923076923
0 0.4338942307692308 0.32091346153846156 0.052884615384615384 0.0625
0 0.4362980769230769 0.4375 0.055288461538461536 0.06009615384615385
0 0.4362980769230769 0.5480769230769231 0.04807692307692308 0.0673076923076923
0 0.4375 0.6586538461538461 0.05048076923076923 0.052884615384615384
1 0.5192307692307693 0.3245192307692308 0.052884615384615384 0.0673076923076923
1 0.5216346153846154 0.44350961538461536 0.05048076923076923 0.0673076923076923
1 0.5192307692307693 0.5456730769230769 0.05048076923076923 0.0625
1 0.5180288461538461 0.6610576923076923 0.052884615384615384 0.06490384615384616
2 0.6069711538461539 0.3233173076923077 0.08413461538461539 0.11057692307692307
2 0.6033653846153846 0.43509615384615385 0.07932692307692307 0.10576923076923077