3 0.5480769230769231 0.5096153846153846 0.7548076923076923 0.9759615384615384
0 0.22716346153846154 0.8834134615384616 0.052884615384615384 0.0673076923076923
0 0.3161057692307692 0.7836538461538461 0.06009615384615385 0.0625
0 0.23918269230769232 0.6622596153846154 0.052884615384615384 0.06009615384615385
0 0.32572115384615385 0.6682692307692307 0.0625 0.07211538461538461
0 0.4014423076923077 0.7848557692307693 0.0673076923076923 0.08653846153846154
0 0.41586538461538464 0.5625 0.0673076923076923 0.08413461538461539
0 0.48677884615384615 0.796875 0.0625 0.07692307692307693
0 0.5625 0.90625 0.06971153846153846 0.07932692307692307
0 0.7331730769230769 0.8028846153846154 0.0625 0.0673076923076923
0 0.8125 0.9230769230769231 0.055288461538461536 0.06490384615384616
0 0.6610576923076923 0.6923076923076923 0.06009615384615385 0.06490384615384616
0 0.5817307692307693 0.5721153846153846 0.0673076923076923 0.07932692307692307
0 0.42427884615384615 0.4483173076923077 0.0625 0.0673076923076923
0 0.34134615384615385 0.4326923076923077 0.0625 0.07211538461538461
0 0.2536057692307692 0.4338942307692308 0.057692307692307696 0.06490384615384616
0 0.26322115384615385 0.31850961538461536 0.055288461538461536 0.06971153846153846
0 0.35096153846153844 0.3233173076923077 0.0625 0.0673076923076923
0 0.4338942307692308 0.33533653846153844 0.0625 0.07211538461538461
0 0.5925480769230769 0.453125 0.0625 0.0673076923076923
0 0.6694711538461539 0.5721153846153846 0.06490384615384616 0.0625
0 0.7439903846153846 0.6923076923076923 0.0625 0.07211538461538461
0 0.8293269230769231 0.5853365384615384 0.057692307692307696 0.06971153846153846
0 0.8341346153846154 0.4735576923076923 0.052884615384615384 0.0673076923076923
0 0.6754807692307693 0.46153846153846156 0.057692307692307696 0.06971153846153846
0 0.5985576923076923 0.3473557692307692 0.06490384615384616 0.07451923076923077
0 0.7716346153846154 0.24519230769230768 0.057692307692307696 0.0625
0 0.8461538461538461 0.2548076923076923 0.055288461538461536 0.0625
0 0.8509615384615384 0.15504807692307693 0.052884615384615384 0.06009615384615385
0 0.6141826923076923 0.11899038461538461 0.06009615384615385 0.0625
0 0.5228365384615384 0.22716346153846154 0.0625 0.0673076923076923
0 0.44591346153846156 0.11057692307692307 0.06009615384615385 0.07211538461538461
0 0.36177884615384615 0.109375 0.06009615384615385 0.07692307692307693
0 0.2824519230769231 0.10096153846153846 0.057692307692307696 0.06490384615384616