3 0.5336538461538461 0.4987980769230769 0.8076923076923077 0.9975961538461539
2 0.6201923076923077 0.8810096153846154 0.09375 0.11538461538461539
2 0.6045673076923077 0.7644230769230769 0.0889423076923077 0.1201923076923077
2 0.6899038461538461 0.7512019230769231 0.09375 0.11778846153846154
2 0.8533653846153846 0.7283653846153846 0.0889423076923077 0.11538461538461539
2 0.7548076923076923 0.6262019230769231 0.0889423076923077 0.11538461538461539
2 0.6730769230769231 0.6358173076923077 0.09375 0.11538461538461539
2 0.5889423076923077 0.6514423076923077 0.09375 0.11538461538461539
2 0.5721153846153846 0.5396634615384616 0.09375 0.11538461538461539
2 0.6574519230769231 0.5276442307692307 0.09134615384615384 0.11538461538461539
2 0.5576923076923077 0.43028846153846156 0.0889423076923077 0.11538461538461539
2 0.47596153846153844 0.4387019230769231 0.09375 0.11538461538461539
2 0.46153846153846156 0.328125 0.0889423076923077 0.11538461538461539
2 0.5456730769230769 0.3173076923076923 0.0889423076923077 0.11538461538461539
2 0.44711538461538464 0.21875 0.0889423076923077 0.11057692307692307
2 0.36538461538461536 0.23076923076923078 0.0889423076923077 0.11538461538461539
2 0.28365384615384615 0.24639423076923078 0.09134615384615384 0.11057692307692307
0 0.6033653846153846 0.7608173076923077 0.0673076923076923 0.06971153846153846
1 0.6826923076923077 0.75 0.055288461538461536 0.07211538461538461
2 0.3798076923076923 0.3401442307692308 0.09375 0.11057692307692307