3 0.5456730769230769 0.5036057692307693 0.7403846153846154 0.9663461538461539
0 0.2439903846153846 0.8689903846153846 0.057692307692307696 0.06009615384615385
0 0.24759615384615385 0.7548076923076923 0.055288461538461536 0.07451923076923077
0 0.65625 0.7716346153846154 0.0625 0.06490384615384616
0 0.7391826923076923 0.8774038461538461 0.055288461538461536 0.0673076923076923
0 0.8185096153846154 0.8846153846153846 0.06009615384615385 0.0673076923076923
0 0.7524038461538461 0.21875 0.06009615384615385 0.06971153846153846
0 0.8233173076923077 0.5528846153846154 0.055288461538461536 0.07211538461538461
1 0.2512019230769231 0.6514423076923077 0.057692307692307696 0.0673076923076923
1 0.5757211538461539 0.7716346153846154 0.06009615384615385 0.07932692307692307
1 0.4110576923076923 0.6502403846153846 0.06009615384615385 0.07692307692307693
1 0.6694711538461539 0.22596153846153846 0.06009615384615385 0.06490384615384616
1 0.34375 0.21514423076923078 0.06009615384615385 0.07451923076923077