3 0.5564903846153846 0.4987980769230769 0.8004807692307693 0.9975961538461539
2 0.31971153846153844 0.2403846153846154 0.08653846153846154 0.11298076923076923
2 0.4110576923076923 0.3401442307692308 0.08653846153846154 0.11298076923076923
2 0.5024038461538461 0.43990384615384615 0.08653846153846154 0.11778846153846154
2 0.5961538461538461 0.5348557692307693 0.09134615384615384 0.11298076923076923
2 0.6935096153846154 0.6394230769230769 0.09134615384615384 0.11778846153846154
2 0.7872596153846154 0.7463942307692307 0.09134615384615384 0.11778846153846154
2 0.5612980769230769 0.21033653846153846 0.09134615384615384 0.11538461538461539
2 0.6574519230769231 0.31009615384615385 0.09134615384615384 0.11298076923076923
2 0.7512019230769231 0.40865384615384615 0.08653846153846154 0.11298076923076923
2 0.35096153846153844 0.5649038461538461 0.09375 0.11298076923076923
2 0.4411057692307692 0.6658653846153846 0.09134615384615384 0.11778846153846154
2 0.5348557692307693 0.7728365384615384 0.09134615384615384 0.11778846153846154