3 0.45552884615384615 0.4987980769230769 0.8341346153846154 0.9975961538461539
0 0.7932692307692307 0.15985576923076922 0.0625 0.06490384615384616
0 0.7776442307692307 0.27283653846153844 0.0625 0.07932692307692307
0 0.37259615384615385 0.21394230769230768 0.0673076923076923 0.06971153846153846
0 0.3016826923076923 0.09975961538461539 0.0625 0.07211538461538461
0 0.22355769230769232 0.08413461538461539 0.06490384615384616 0.06971153846153846
0 0.21875 0.7536057692307693 0.0673076923076923 0.07451923076923077
0 0.18389423076923078 0.41346153846153844 0.0625 0.07692307692307693
1 0.7632211538461539 0.375 0.06490384615384616 0.07211538461538461
1 0.453125 0.22115384615384615 0.0673076923076923 0.08413461538461539
1 0.6045673076923077 0.359375 0.0673076923076923 0.08173076923076923
1 0.30288461538461536 0.7548076923076923 0.06490384615384616 0.06971153846153846
1 0.625 0.7992788461538461 0.0673076923076923 0.07932692307692307