0 0.4110576923076923 0.5745192307692307 0.06009615384615385 0.06971153846153846
0 0.20192307692307693 0.26802884615384615 0.057692307692307696 0.06971153846153846
2 0.19471153846153846 0.2644230769230769 0.09134615384615384 0.11538461538461539
2 0.43028846153846156 0.11298076923076923 0.09134615384615384 0.11298076923076923
2 0.5144230769230769 0.09975961538461539 0.09134615384615384 0.11538461538461539
0 0.3762019230769231 0.3545673076923077 0.0625 0.07451923076923077
2 0.3786057692307692 0.35216346153846156 0.09615384615384616 0.11538461538461539
0 0.39663461538461536 0.4699519230769231 0.0625 0.07211538461538461
0 0.2956730769230769 0.36177884615384615 0.055288461538461536 0.0673076923076923
0 0.44591346153846156 0.7896634615384616 0.055288461538461536 0.057692307692307696
0 0.5276442307692307 0.7752403846153846 0.06490384615384616 0.06009615384615385
0 0.5420673076923077 0.8858173076923077 0.0625 0.06971153846153846
1 0.3161057692307692 0.47716346153846156 0.057692307692307696 0.07451923076923077
1 0.21394230769230768 0.38461538461538464 0.0625 0.06971153846153846
1 0.22956730769230768 0.484375 0.0673076923076923 0.07451923076923077
1 0.42908653846153844 0.6899038461538461 0.055288461538461536 0.06971153846153846
1 0.3329326923076923 0.5889423076923077 0.0673076923076923 0.07451923076923077
1 0.3473557692307692 0.6983173076923077 0.0673076923076923 0.07451923076923077
1 0.24759615384615385 0.6009615384615384 0.06009615384615385 0.07211538461538461
1 0.265625 0.7163461538461539 0.057692307692307696 0.06971153846153846
1 0.28125 0.8221153846153846 0.06009615384615385 0.06490384615384616
2 0.3137019230769231 0.47475961538461536 0.09375 0.11538461538461539
2 0.5420673076923077 0.8894230769230769 0.10096153846153846 0.11778846153846154
3 0.44591346153846156 0.4987980769230769 0.8918269230769231 0.9975961538461539