3 0.5300480769230769 0.4951923076923077 0.8221153846153846 0.9903846153846154
1 0.5288461538461539 0.7704326923076923 0.0673076923076923 0.07932692307692307
1 0.6995192307692307 0.78125 0.0625 0.07932692307692307
1 0.36658653846153844 0.6394230769230769 0.0625 0.07451923076923077
2 0.6370192307692307 0.3233173076923077 0.09134615384615384 0.11057692307692307
2 0.47836538461538464 0.20673076923076922 0.09134615384615384 0.10817307692307693
0 0.3870192307692308 0.3125 0.055288461538461536 0.06971153846153846
0 0.5552884615384616 0.32211538461538464 0.0673076923076923 0.07692307692307693
0 0.7920673076923077 0.5600961538461539 0.06009615384615385 0.07451923076923077
2 0.7283653846153846 0.21514423076923078 0.08653846153846154 0.11057692307692307
2 0.5264423076923077 0.7668269230769231 0.09375 0.12259615384615384
2 0.7932692307692307 0.5564903846153846 0.08413461538461539 0.1201923076923077