3 0.4411057692307692 0.4987980769230769 0.8100961538461539 0.9975961538461539
2 0.6826923076923077 0.078125 0.08413461538461539 0.10817307692307693
2 0.6021634615384616 0.08653846153846154 0.08653846153846154 0.10576923076923077
2 0.5204326923076923 0.09735576923076923 0.08653846153846154 0.10336538461538461
2 0.4411057692307692 0.10697115384615384 0.08653846153846154 0.10817307692307693
2 0.13942307692307693 0.36538461538461536 0.08653846153846154 0.11298076923076923
2 0.11538461538461539 0.14903846153846154 0.09375 0.10817307692307693
2 0.7331730769230769 0.5096153846153846 0.09134615384615384 0.11298076923076923
2 0.7692307692307693 0.8245192307692307 0.09134615384615384 0.10576923076923077
2 0.3701923076923077 0.875 0.08653846153846154 0.10576923076923077
2 0.2091346153846154 0.8966346153846154 0.08653846153846154 0.11057692307692307
2 0.5276442307692307 0.8521634615384616 0.08653846153846154 0.10576923076923077
1 0.6802884615384616 0.07692307692307693 0.055288461538461536 0.08173076923076923
1 0.7331730769230769 0.5048076923076923 0.052884615384615384 0.07211538461538461
1 0.6790865384615384 0.7283653846153846 0.055288461538461536 0.07211538461538461
1 0.27884615384615385 0.7872596153846154 0.055288461538461536 0.08413461538461539
1 0.12740384615384615 0.2512019230769231 0.055288461538461536 0.07211538461538461
1 0.7680288461538461 0.8197115384615384 0.055288461538461536 0.06971153846153846
0 0.6141826923076923 0.19230769230769232 0.06009615384615385 0.07451923076923077
0 0.5829326923076923 0.6322115384615384 0.06009615384615385 0.08653846153846154
0 0.6875 0.8329326923076923 0.057692307692307696 0.07451923076923077
0 0.11899038461538461 0.14783653846153846 0.055288461538461536 0.07692307692307693
0 0.16706730769230768 0.5793269230769231 0.055288461538461536 0.07692307692307693
0 0.20793269230769232 0.8990384615384616 0.055288461538461536 0.06971153846153846