3 0.4951923076923077 0.5769230769230769 0.9903846153846154 0.7692307692307693
2 0.5817307692307693 0.2920673076923077 0.1201923076923077 0.09134615384615384
2 0.5733173076923077 0.3786057692307692 0.10817307692307693 0.08653846153846154
2 0.5697115384615384 0.46033653846153844 0.11298076923076923 0.09134615384615384
2 0.5637019230769231 0.546875 0.11298076923076923 0.09134615384615384
2 0.5564903846153846 0.6298076923076923 0.11298076923076923 0.0889423076923077
2 0.5528846153846154 0.7127403846153846 0.11778846153846154 0.08653846153846154
2 0.5444711538461539 0.796875 0.11057692307692307 0.08173076923076923
2 0.5360576923076923 0.8725961538461539 0.10576923076923077 0.07692307692307693
2 0.6923076923076923 0.30288461538461536 0.11057692307692307 0.0889423076923077
2 0.6875 0.38461538461538464 0.11298076923076923 0.09134615384615384
2 0.6802884615384616 0.47115384615384615 0.11778846153846154 0.09134615384615384
2 0.6766826923076923 0.5540865384615384 0.11298076923076923 0.09134615384615384
2 0.6682692307692307 0.6394230769230769 0.10817307692307693 0.0889423076923077
2 0.6634615384615384 0.7211538461538461 0.11298076923076923 0.0889423076923077
2 0.65625 0.8016826923076923 0.11298076923076923 0.08173076923076923
2 0.6418269230769231 0.8762019230769231 0.10576923076923077 0.07211538461538461
2 0.7980769230769231 0.3112980769230769 0.11298076923076923 0.08653846153846154
2 0.7980769230769231 0.3942307692307692 0.11298076923076923 0.08653846153846154
2 0.7908653846153846 0.48197115384615385 0.11298076923076923 0.09134615384615384
2 0.7860576923076923 0.5649038461538461 0.10817307692307693 0.09134615384615384
2 0.7764423076923077 0.6466346153846154 0.11298076923076923 0.08653846153846154
2 0.7704326923076923 0.7307692307692307 0.10576923076923077 0.08413461538461539
2 0.7608173076923077 0.8100961538461539 0.10336538461538461 0.07692307692307693
2 0.7524038461538461 0.8834134615384616 0.0985576923076923 0.07211538461538461
2 0.9122596153846154 0.32091346153846156 0.11298076923076923 0.09134615384615384
2 0.90625 0.4050480769230769 0.11298076923076923 0.09134615384615384
2 0.8978365384615384 0.4879807692307692 0.10817307692307693 0.0889423076923077
2 0.8942307692307693 0.5721153846153846 0.11298076923076923 0.0889423076923077
2 0.8858173076923077 0.6526442307692307 0.10817307692307693 0.08653846153846154
2 0.8798076923076923 0.7355769230769231 0.10817307692307693 0.08413461538461539
2 0.8689903846153846 0.8161057692307693 0.10096153846153846 0.07932692307692307
2 0.8581730769230769 0.8894230769230769 0.0985576923076923 0.07451923076923077