0 0.5901442307692307 0.4266826923076923 0.06009615384615385 0.0673076923076923
0 0.7944711538461539 0.7379807692307693 0.057692307692307696 0.0673076923076923
2 0.8004807692307693 0.7403846153846154 0.0889423076923077 0.11538461538461539
2 0.5637019230769231 0.8882211538461539 0.0889423076923077 0.11298076923076923
2 0.47836538461538464 0.9002403846153846 0.0889423076923077 0.11538461538461539
0 0.6213942307692307 0.6478365384615384 0.06009615384615385 0.07211538461538461
2 0.6189903846153846 0.6502403846153846 0.09375 0.11538461538461539
0 0.6033653846153846 0.5324519230769231 0.06009615384615385 0.06971153846153846
0 0.7019230769230769 0.640625 0.055288461538461536 0.06490384615384616
0 0.5588942307692307 0.21153846153846154 0.052884615384615384 0.055288461538461536
0 0.47716346153846156 0.2247596153846154 0.06490384615384616 0.06009615384615385
0 0.4651442307692308 0.11298076923076923 0.0625 0.06971153846153846
1 0.6838942307692307 0.5264423076923077 0.055288461538461536 0.07211538461538461
1 0.7836538461538461 0.6201923076923077 0.0625 0.06971153846153846
1 0.7704326923076923 0.5204326923076923 0.06490384615384616 0.07451923076923077
1 0.5733173076923077 0.3112980769230769 0.055288461538461536 0.0673076923076923
1 0.6682692307692307 0.41346153846153844 0.06490384615384616 0.07451923076923077
1 0.65625 0.30408653846153844 0.06490384615384616 0.07451923076923077
1 0.7548076923076923 0.40384615384615385 0.057692307692307696 0.06971153846153846
1 0.7379807692307693 0.28846153846153844 0.057692307692307696 0.0673076923076923
1 0.7247596153846154 0.1814903846153846 0.06009615384615385 0.06490384615384616
2 0.6862980769230769 0.5276442307692307 0.09134615384615384 0.11538461538461539
2 0.4639423076923077 0.109375 0.0985576923076923 0.11538461538461539
3 0.5576923076923077 0.4987980769230769 0.8798076923076923 0.9975961538461539