3 0.4338942307692308 0.4987980769230769 0.8581730769230769 0.9975961538461539
2 0.6045673076923077 0.203125 0.10096153846153846 0.12259615384615384
2 0.5408653846153846 0.3293269230769231 0.0985576923076923 0.11778846153846154
2 0.4735576923076923 0.45552884615384615 0.09375 0.1201923076923077
2 0.40865384615384615 0.5805288461538461 0.09615384615384616 0.11778846153846154
2 0.34375 0.7019230769230769 0.09615384615384616 0.125
0 0.6706730769230769 0.07692307692307693 0.0673076923076923 0.07932692307692307
0 0.625 0.31490384615384615 0.06971153846153846 0.08173076923076923
0 0.6394230769230769 0.42788461538461536 0.07692307692307693 0.07932692307692307
0 0.5757211538461539 0.5516826923076923 0.0673076923076923 0.06971153846153846
0 0.5120192307692307 0.6754807692307693 0.0673076923076923 0.07451923076923077