3 0.4987980769230769 0.5564903846153846 0.9975961538461539 0.8149038461538461
2 0.7560096153846154 0.31490384615384615 0.11298076923076923 0.08653846153846154
2 0.6586538461538461 0.40865384615384615 0.11298076923076923 0.08653846153846154
2 0.5600961538461539 0.5012019230769231 0.11778846153846154 0.0889423076923077
2 0.46634615384615385 0.5961538461538461 0.11298076923076923 0.09134615384615384
2 0.3629807692307692 0.6959134615384616 0.11778846153846154 0.09375
2 0.25841346153846156 0.7908653846153846 0.11778846153846154 0.09375
2 0.7908653846153846 0.5564903846153846 0.11538461538461539 0.09375
2 0.6923076923076923 0.6538461538461539 0.11298076923076923 0.09134615384615384
2 0.5949519230769231 0.75 0.11298076923076923 0.08653846153846154
2 0.4326923076923077 0.35216346153846156 0.11298076923076923 0.09375
2 0.3329326923076923 0.44350961538461536 0.11778846153846154 0.09375
2 0.22716346153846154 0.5396634615384616 0.11778846153846154 0.09375