3 0.4987980769230769 0.5060096153846154 0.9975961538461539 0.7716346153846154
2 0.25 0.8185096153846154 0.11538461538461539 0.0889423076923077
2 0.36177884615384615 0.8125 0.11538461538461539 0.09134615384615384
2 0.234375 0.6478365384615384 0.11778846153846154 0.0889423076923077
2 0.3485576923076923 0.6382211538461539 0.11538461538461539 0.0889423076923077
2 0.6862980769230769 0.609375 0.11538461538461539 0.0889423076923077
2 0.6947115384615384 0.6935096153846154 0.11778846153846154 0.0889423076923077
2 0.8774038461538461 0.34134615384615385 0.10576923076923077 0.0889423076923077
2 0.8665865384615384 0.25841346153846156 0.10576923076923077 0.0889423076923077
2 0.3269230769230769 0.38461538461538464 0.11298076923076923 0.0889423076923077
2 0.44591346153846156 0.46033653846153844 0.11538461538461539 0.08653846153846154
2 0.21754807692307693 0.4795673076923077 0.11538461538461539 0.0889423076923077
2 0.20432692307692307 0.3112980769230769 0.11298076923076923 0.0889423076923077
2 0.42908653846153844 0.2920673076923077 0.11057692307692307 0.09134615384615384