3 0.5024038461538461 0.53125 0.9903846153846154 0.8413461538461539
1 0.23557692307692307 0.5612980769230769 0.08173076923076923 0.0673076923076923
1 0.24519230769230768 0.7319711538461539 0.08173076923076923 0.0625
1 0.3449519230769231 0.38461538461538464 0.07692307692307693 0.0625
2 0.6923076923076923 0.6141826923076923 0.11057692307692307 0.09375
2 0.7884615384615384 0.4423076923076923 0.10817307692307693 0.09375
0 0.6730769230769231 0.36538461538461536 0.06971153846153846 0.057692307692307696
0 0.6826923076923077 0.5324519230769231 0.07932692307692307 0.0673076923076923
0 0.47596153846153844 0.796875 0.07692307692307693 0.06009615384615385
2 0.8112980769230769 0.6911057692307693 0.11057692307692307 0.0889423076923077
2 0.23798076923076922 0.5588942307692307 0.12259615384615384 0.09375
2 0.4795673076923077 0.7980769230769231 0.1201923076923077 0.08653846153846154