0 0.6009615384615384 0.4423076923076923 0.055288461538461536 0.06490384615384616
0 0.7536057692307693 0.78125 0.052884615384615384 0.06490384615384616
2 0.7596153846153846 0.7848557692307693 0.08173076923076923 0.10817307692307693
2 0.5024038461538461 0.8930288461538461 0.07932692307692307 0.10576923076923077
2 0.4170673076923077 0.8918269230769231 0.08173076923076923 0.10817307692307693
0 0.5961538461538461 0.6646634615384616 0.055288461538461536 0.06971153846153846
2 0.59375 0.6670673076923077 0.08653846153846154 0.10817307692307693
0 0.5973557692307693 0.5480769230769231 0.055288461538461536 0.0673076923076923
0 0.6766826923076923 0.6706730769230769 0.05048076923076923 0.0625
0 0.6033653846153846 0.2247596153846154 0.05048076923076923 0.052884615384615384
0 0.5204326923076923 0.22355769230769232 0.06009615384615385 0.055288461538461536
0 0.5252403846153846 0.11298076923076923 0.057692307692307696 0.06490384615384616
1 0.6778846153846154 0.5540865384615384 0.05048076923076923 0.06971153846153846
1 0.7608173076923077 0.6634615384615384 0.057692307692307696 0.06490384615384616
1 0.7632211538461539 0.5625 0.06009615384615385 0.06971153846153846
1 0.6021634615384616 0.32572115384615385 0.05048076923076923 0.06490384615384616
1 0.6802884615384616 0.4411057692307692 0.06009615384615385 0.06971153846153846
1 0.6850961538461539 0.33052884615384615 0.06009615384615385 0.06971153846153846
1 0.7668269230769231 0.44471153846153844 0.052884615384615384 0.0673076923076923
1 0.7680288461538461 0.328125 0.052884615384615384 0.06490384615384616
1 0.7716346153846154 0.22115384615384615 0.055288461538461536 0.06009615384615385
2 0.6790865384615384 0.5564903846153846 0.08413461538461539 0.10817307692307693
2 0.5252403846153846 0.109375 0.09134615384615384 0.10817307692307693
3 0.5588942307692307 0.4987980769230769 0.8052884615384616 0.9975961538461539