3 0.5204326923076923 0.4987980769230769 0.8918269230769231 0.9975961538461539
2 0.6346153846153846 0.4699519230769231 0.09134615384615384 0.11538461538461539
2 0.484375 0.9074519230769231 0.09615384615384616 0.1201923076923077
2 0.7608173076923077 0.15745192307692307 0.08653846153846154 0.10817307692307693
1 0.48197115384615385 0.9038461538461539 0.052884615384615384 0.0673076923076923
1 0.26802884615384615 0.640625 0.055288461538461536 0.06490384615384616
1 0.4987980769230769 0.7908653846153846 0.0625 0.07692307692307693
1 0.5168269230769231 0.6730769230769231 0.0673076923076923 0.07451923076923077
1 0.53125 0.5625 0.0625 0.07451923076923077
1 0.5504807692307693 0.4579326923076923 0.0625 0.06971153846153846
1 0.44591346153846156 0.5516826923076923 0.057692307692307696 0.07692307692307693
1 0.48677884615384615 0.33653846153846156 0.0625 0.07451923076923077
1 0.5841346153846154 0.23918269230769232 0.0625 0.07211538461538461
0 0.36658653846153844 0.5432692307692307 0.0673076923076923 0.0673076923076923
0 0.47115384615384615 0.4411057692307692 0.0673076923076923 0.07932692307692307
0 0.25961538461538464 0.19230769230769232 0.0625 0.07451923076923077
0 0.33774038461538464 0.20072115384615385 0.0625 0.07451923076923077
0 0.6658653846153846 0.24879807692307693 0.0673076923076923 0.07932692307692307
0 0.5036057692307693 0.21754807692307693 0.06971153846153846 0.08653846153846154