3 0.5661057692307693 0.4987980769230769 0.8629807692307693 0.9975961538461539
2 0.3918269230769231 0.7824519230769231 0.09134615384615384 0.11298076923076923
2 0.5096153846153846 0.203125 0.09134615384615384 0.11298076923076923
2 0.8245192307692307 0.07091346153846154 0.07932692307692307 0.10336538461538461
2 0.31971153846153844 0.9014423076923077 0.08653846153846154 0.10817307692307693
2 0.9086538461538461 0.8449519230769231 0.08413461538461539 0.11538461538461539
2 0.25721153846153844 0.12860576923076922 0.07932692307692307 0.10336538461538461
2 0.48677884615384615 0.8882211538461539 0.09134615384615384 0.11298076923076923
2 0.4026442307692308 0.8978365384615384 0.09134615384615384 0.11298076923076923
2 0.5721153846153846 0.8822115384615384 0.09134615384615384 0.11298076923076923
2 0.6574519230769231 0.8762019230769231 0.0889423076923077 0.11778846153846154
2 0.7427884615384616 0.8653846153846154 0.09134615384615384 0.11778846153846154
2 0.5504807692307693 0.6514423076923077 0.0889423076923077 0.11538461538461539
2 0.7908653846153846 0.515625 0.08653846153846154 0.11778846153846154
0 0.5408653846153846 0.5348557692307693 0.06009615384615385 0.07211538461538461
0 0.5516826923076923 0.6502403846153846 0.055288461538461536 0.057692307692307696
0 0.36658653846153844 0.5516826923076923 0.06009615384615385 0.06490384615384616
0 0.4567307692307692 0.5444711538461539 0.057692307692307696 0.0673076923076923
0 0.5288461538461539 0.4266826923076923 0.057692307692307696 0.0625
1 0.6334134615384616 0.6442307692307693 0.0625 0.07451923076923077
1 0.6237980769230769 0.5288461538461539 0.057692307692307696 0.07451923076923077
1 0.6129807692307693 0.4266826923076923 0.057692307692307696 0.0673076923076923
1 0.7079326923076923 0.5180288461538461 0.052884615384615384 0.07211538461538461
1 0.7920673076923077 0.5180288461538461 0.057692307692307696 0.07451923076923077
2 0.33533653846153844 0.11658653846153846 0.08173076923076923 0.10576923076923077
2 0.4170673076923077 0.1045673076923077 0.09134615384615384 0.11298076923076923
2 0.49759615384615385 0.09735576923076923 0.08653846153846154 0.10817307692307693
2 0.5805288461538461 0.08774038461538461 0.08413461538461539 0.10817307692307693
2 0.6646634615384616 0.08173076923076923 0.08653846153846154 0.10817307692307693
2 0.7451923076923077 0.07451923076923077 0.07932692307692307 0.10336538461538461
2 0.3713942307692308 0.5552884615384616 0.0889423076923077 0.11538461538461539