3 0.5336538461538461 0.4987980769230769 0.8173076923076923 0.9975961538461539
2 0.7848557692307693 0.14182692307692307 0.09134615384615384 0.11057692307692307
2 0.5721153846153846 0.4423076923076923 0.09375 0.11057692307692307
2 0.6706730769230769 0.3485576923076923 0.09375 0.11538461538461539
2 0.7680288461538461 0.24759615384615385 0.09134615384615384 0.11538461538461539
2 0.8653846153846154 0.15384615384615385 0.09134615384615384 0.11057692307692307
2 0.30408653846153844 0.09735576923076923 0.07932692307692307 0.10336538461538461
1 0.38221153846153844 0.10697115384615384 0.057692307692307696 0.07451923076923077
1 0.4579326923076923 0.10697115384615384 0.06009615384615385 0.06971153846153846
1 0.5396634615384616 0.12139423076923077 0.0673076923076923 0.08173076923076923
1 0.6153846153846154 0.12379807692307693 0.0673076923076923 0.07692307692307693
1 0.7007211538461539 0.13221153846153846 0.07211538461538461 0.07211538461538461