3 0.44471153846153844 0.49278846153846156 0.7235576923076923 0.9495192307692307
0 0.5841346153846154 0.109375 0.06490384615384616 0.07932692307692307
0 0.5793269230769231 0.33653846153846156 0.06009615384615385 0.06971153846153846
0 0.5721153846153846 0.5564903846153846 0.07451923076923077 0.08413461538461539
0 0.49278846153846156 0.4519230769230769 0.06009615384615385 0.07451923076923077
0 0.4074519230769231 0.5600961538461539 0.06971153846153846 0.07451923076923077
0 0.24519230769230768 0.3329326923076923 0.06490384615384616 0.08173076923076923
2 0.5817307692307693 0.22115384615384615 0.08653846153846154 0.11778846153846154
2 0.5757211538461539 0.44471153846153844 0.08653846153846154 0.10817307692307693
2 0.49158653846153844 0.5540865384615384 0.07932692307692307 0.10336538461538461
2 0.3293269230769231 0.21995192307692307 0.0889423076923077 0.11538461538461539
2 0.1658653846153846 0.6586538461538461 0.07211538461538461 0.10336538461538461
1 0.6538461538461539 0.5612980769230769 0.06009615384615385 0.07932692307692307
1 0.5697115384615384 0.6610576923076923 0.057692307692307696 0.07211538461538461
1 0.49278846153846156 0.33413461538461536 0.06490384615384616 0.07692307692307693
1 0.4098557692307692 0.33052884615384615 0.06009615384615385 0.07211538461538461
1 0.3245192307692308 0.4483173076923077 0.0625 0.07211538461538461
1 0.24278846153846154 0.6670673076923077 0.06009615384615385 0.07692307692307693
2 0.4963942307692308 0.21995192307692307 0.08653846153846154 0.10817307692307693
2 0.4110576923076923 0.44591346153846156 0.08173076923076923 0.10817307692307693
2 0.32572115384615385 0.5528846153846154 0.08173076923076923 0.10817307692307693
2 0.24519230769230768 0.5552884615384616 0.07932692307692307 0.10817307692307693