3 0.44471153846153844 0.4987980769230769 0.875 0.9975961538461539
2 0.703125 0.7427884615384616 0.09375 0.11778846153846154
2 0.6021634615384616 0.6514423076923077 0.09375 0.11778846153846154
2 0.5036057692307693 0.5600961538461539 0.09615384615384616 0.12259615384615384
2 0.4014423076923077 0.4735576923076923 0.0985576923076923 0.11778846153846154
2 0.2956730769230769 0.37740384615384615 0.0985576923076923 0.12259615384615384
2 0.19230769230769232 0.2800480769230769 0.0985576923076923 0.12259615384615384
2 0.4639423076923077 0.7944711538461539 0.0985576923076923 0.1201923076923077
2 0.3605769230769231 0.703125 0.0985576923076923 0.11778846153846154
2 0.25721153846153844 0.6117788461538461 0.09375 0.11778846153846154
2 0.6430288461538461 0.421875 0.10096153846153846 0.11778846153846154
2 0.5444711538461539 0.3293269230769231 0.0985576923076923 0.12259615384615384
2 0.4411057692307692 0.23076923076923078 0.0985576923076923 0.12259615384615384