3 0.5324519230769231 0.4987980769230769 0.6971153846153846 0.9326923076923077
2 0.5733173076923077 0.8930288461538461 0.08173076923076923 0.10576923076923077
2 0.5721153846153846 0.7752403846153846 0.07692307692307693 0.11057692307692307
2 0.6574519230769231 0.7728365384615384 0.08173076923076923 0.10817307692307693
2 0.8233173076923077 0.7692307692307693 0.07692307692307693 0.10576923076923077
2 0.7379807692307693 0.65625 0.07692307692307693 0.10576923076923077
2 0.6550480769230769 0.65625 0.08173076923076923 0.10576923076923077
2 0.5697115384615384 0.6610576923076923 0.08173076923076923 0.10576923076923077
2 0.5673076923076923 0.5480769230769231 0.08173076923076923 0.10576923076923077
2 0.6526442307692307 0.546875 0.07932692307692307 0.10576923076923077
2 0.5661057692307693 0.4375 0.07692307692307693 0.10576923076923077
2 0.4831730769230769 0.4362980769230769 0.08173076923076923 0.10576923076923077
2 0.4831730769230769 0.3245192307692308 0.07692307692307693 0.10576923076923077
2 0.5673076923076923 0.3245192307692308 0.07692307692307693 0.10576923076923077
2 0.48197115384615385 0.21394230769230768 0.07692307692307693 0.10096153846153846
2 0.39903846153846156 0.21634615384615385 0.07692307692307693 0.10576923076923077
2 0.3161057692307692 0.22235576923076922 0.07932692307692307 0.10096153846153846
0 0.5709134615384616 0.7716346153846154 0.06009615384615385 0.0625
1 0.6514423076923077 0.7704326923076923 0.04807692307692308 0.0673076923076923
2 0.40024038461538464 0.3269230769230769 0.08173076923076923 0.10096153846153846