0 0.125 0.8425480769230769 0.08413461538461539 0.0625
0 0.22235576923076922 0.6634615384615384 0.07451923076923077 0.0673076923076923
0 0.4495192307692308 0.6478365384615384 0.06490384615384616 0.06490384615384616
0 0.44471153846153844 0.484375 0.07692307692307693 0.0625
0 0.5552884615384616 0.5612980769230769 0.07451923076923077 0.0625
0 0.6622596153846154 0.4699519230769231 0.08173076923076923 0.07211538461538461
0 0.7572115384615384 0.29927884615384615 0.07932692307692307 0.06490384615384616
1 0.23197115384615385 0.75 0.0673076923076923 0.06009615384615385
1 0.34134615384615385 0.6598557692307693 0.07451923076923077 0.06490384615384616
1 0.45072115384615385 0.5673076923076923 0.06971153846153846 0.06009615384615385
1 0.5588942307692307 0.4735576923076923 0.06971153846153846 0.057692307692307696
1 0.6586538461538461 0.3870192307692308 0.07451923076923077 0.0625
3 0.49399038461538464 0.5504807692307693 0.9807692307692307 0.8052884615384616