3 0.4987980769230769 0.5336538461538461 0.9975961538461539 0.8221153846153846
2 0.10096153846153846 0.5180288461538461 0.11538461538461539 0.09615384615384616
2 0.21754807692307693 0.5336538461538461 0.1201923076923077 0.09134615384615384
2 0.20793269230769232 0.6177884615384616 0.11778846153846154 0.09615384615384616
2 0.18870192307692307 0.7824519230769231 0.11538461538461539 0.09134615384615384
2 0.3125 0.7139423076923077 0.11538461538461539 0.09134615384615384
2 0.3233173076923077 0.6322115384615384 0.11538461538461539 0.09615384615384616
2 0.33052884615384615 0.546875 0.11538461538461539 0.09615384615384616
2 0.44350961538461536 0.5600961538461539 0.11538461538461539 0.09615384615384616
2 0.4326923076923077 0.6442307692307693 0.11538461538461539 0.09375
2 0.5528846153846154 0.5745192307692307 0.11538461538461539 0.09134615384615384
2 0.5649038461538461 0.49278846153846156 0.11538461538461539 0.09615384615384616
2 0.6766826923076923 0.5072115384615384 0.11538461538461539 0.09134615384615384
2 0.6646634615384616 0.5913461538461539 0.11538461538461539 0.09134615384615384
2 0.7860576923076923 0.5216346153846154 0.11057692307692307 0.09134615384615384
2 0.7944711538461539 0.43990384615384615 0.11538461538461539 0.09134615384615384
2 0.8004807692307693 0.35697115384615385 0.11057692307692307 0.09375
0 0.22115384615384615 0.5324519230769231 0.06971153846153846 0.0673076923076923
1 0.21153846153846154 0.6117788461538461 0.07451923076923077 0.057692307692307696
2 0.6850961538461539 0.4254807692307692 0.11057692307692307 0.09615384615384616