3 0.5384615384615384 0.4987980769230769 0.8942307692307693 0.9975961538461539
0 0.5348557692307693 0.796875 0.06490384615384616 0.07451923076923077
0 0.5480769230769231 0.6850961538461539 0.06009615384615385 0.0673076923076923
0 0.5564903846153846 0.5685096153846154 0.0625 0.0673076923076923
0 0.5685096153846154 0.45913461538461536 0.055288461538461536 0.07211538461538461
0 0.5793269230769231 0.3485576923076923 0.057692307692307696 0.057692307692307696
1 0.46274038461538464 0.671875 0.06009615384615385 0.07211538461538461
1 0.4723557692307692 0.5540865384615384 0.057692307692307696 0.07211538461538461
1 0.4855769230769231 0.4519230769230769 0.057692307692307696 0.0673076923076923
1 0.4987980769230769 0.33774038461538464 0.06009615384615385 0.06971153846153846
2 0.375 0.6646634615384616 0.09375 0.11778846153846154
2 0.390625 0.5528846153846154 0.0889423076923077 0.11298076923076923