3 0.5216346153846154 0.4987980769230769 0.8461538461538461 0.9975961538461539
2 0.6334134615384616 0.46274038461538464 0.08653846153846154 0.11298076923076923
2 0.5060096153846154 0.9074519230769231 0.09134615384615384 0.11538461538461539
2 0.7427884615384616 0.14423076923076922 0.08173076923076923 0.10576923076923077
1 0.5036057692307693 0.9038461538461539 0.05048076923076923 0.0673076923076923
1 0.2764423076923077 0.6526442307692307 0.05048076923076923 0.0625
1 0.5144230769230769 0.7908653846153846 0.06009615384615385 0.07451923076923077
1 0.5252403846153846 0.671875 0.06490384615384616 0.07211538461538461
1 0.5348557692307693 0.5600961538461539 0.06009615384615385 0.07211538461538461
1 0.5480769230769231 0.45552884615384615 0.06009615384615385 0.0673076923076923
1 0.4483173076923077 0.5552884615384616 0.055288461538461536 0.07451923076923077
1 0.47836538461538464 0.33653846153846156 0.06009615384615385 0.07211538461538461
1 0.5697115384615384 0.23557692307692307 0.06009615384615385 0.06971153846153846
0 0.36899038461538464 0.5504807692307693 0.0625 0.06490384615384616
0 0.46875 0.4423076923076923 0.06490384615384616 0.07692307692307693
0 0.24278846153846154 0.20552884615384615 0.06009615384615385 0.07211538461538461
0 0.32211538461538464 0.2091346153846154 0.06009615384615385 0.07211538461538461
0 0.6526442307692307 0.2403846153846154 0.06490384615384616 0.07692307692307693
0 0.4891826923076923 0.21754807692307693 0.06490384615384616 0.08413461538461539