3 0.421875 0.4987980769230769 0.7860576923076923 0.9975961538461539
2 0.7199519230769231 0.5408653846153846 0.09375 0.1201923076923077
2 0.6334134615384616 0.5492788461538461 0.08653846153846154 0.10817307692307693
2 0.5528846153846154 0.5612980769230769 0.09134615384615384 0.11298076923076923
2 0.46634615384615385 0.5709134615384616 0.09134615384615384 0.11298076923076923
2 0.38221153846153844 0.5805288461538461 0.0889423076923077 0.11298076923076923
2 0.3004807692307692 0.5925480769230769 0.0889423076923077 0.11778846153846154
2 0.21634615384615385 0.5997596153846154 0.08173076923076923 0.11298076923076923
2 0.14182692307692307 0.6069711538461539 0.07692307692307693 0.10817307692307693
2 0.7295673076923077 0.6514423076923077 0.0889423076923077 0.11057692307692307
2 0.6490384615384616 0.6622596153846154 0.09134615384615384 0.11298076923076923
2 0.5625 0.6706730769230769 0.09375 0.11778846153846154
2 0.4807692307692308 0.6838942307692307 0.09134615384615384 0.11298076923076923
2 0.3954326923076923 0.6923076923076923 0.0889423076923077 0.10817307692307693
2 0.31490384615384615 0.7019230769230769 0.0889423076923077 0.11298076923076923
2 0.23317307692307693 0.7103365384615384 0.08413461538461539 0.11538461538461539
2 0.15745192307692307 0.7115384615384616 0.07211538461538461 0.10336538461538461
2 0.7415865384615384 0.7560096153846154 0.08653846153846154 0.11298076923076923
2 0.6598557692307693 0.7716346153846154 0.08653846153846154 0.11298076923076923
2 0.5733173076923077 0.7824519230769231 0.09134615384615384 0.11298076923076923
2 0.49038461538461536 0.7932692307692307 0.09134615384615384 0.10817307692307693
2 0.4098557692307692 0.7992788461538461 0.08653846153846154 0.11298076923076923
2 0.3245192307692308 0.8100961538461539 0.08653846153846154 0.10576923076923077
2 0.24519230769230768 0.8161057692307693 0.07932692307692307 0.10576923076923077
2 0.171875 0.8209134615384616 0.07451923076923077 0.10096153846153846
2 0.7536057692307693 0.8713942307692307 0.09134615384615384 0.11298076923076923
2 0.6706730769230769 0.8810096153846154 0.09134615384615384 0.11298076923076923
2 0.5877403846153846 0.8882211538461539 0.0889423076923077 0.10817307692307693
2 0.5048076923076923 0.9002403846153846 0.0889423076923077 0.11298076923076923
2 0.4230769230769231 0.9086538461538461 0.08653846153846154 0.10817307692307693
2 0.34134615384615385 0.9182692307692307 0.08413461538461539 0.10817307692307693
2 0.2608173076923077 0.9230769230769231 0.08173076923076923 0.10336538461538461
2 0.18629807692307693 0.9254807692307693 0.07692307692307693 0.10096153846153846