3 0.5504807692307693 0.5180288461538461 0.7091346153846154 0.9423076923076923
2 0.2764423076923077 0.9110576923076923 0.07932692307692307 0.10576923076923077
2 0.2704326923076923 0.6875 0.07932692307692307 0.10817307692307693
2 0.265625 0.46634615384615385 0.08173076923076923 0.10576923076923077
2 0.26322115384615385 0.3581730769230769 0.07692307692307693 0.10336538461538461
2 0.25721153846153844 0.14302884615384615 0.07451923076923077 0.10096153846153846
2 0.35336538461538464 0.8004807692307693 0.08653846153846154 0.11057692307692307
2 0.34975961538461536 0.6838942307692307 0.08173076923076923 0.10336538461538461
2 0.34615384615384615 0.46153846153846156 0.08413461538461539 0.10336538461538461
2 0.34134615384615385 0.35216346153846156 0.08173076923076923 0.10336538461538461
2 0.33533653846153844 0.13822115384615385 0.08413461538461539 0.10336538461538461
0 0.27884615384615385 0.9074519230769231 0.052884615384615384 0.0625
0 0.2704326923076923 0.6875 0.052884615384615384 0.06009615384615385
0 0.26322115384615385 0.4639423076923077 0.052884615384615384 0.06490384615384616
0 0.2608173076923077 0.35096153846153844 0.055288461538461536 0.06971153846153846
0 0.2548076923076923 0.13942307692307693 0.055288461538461536 0.06009615384615385
0 0.3545673076923077 0.7980769230769231 0.057692307692307696 0.07451923076923077
0 0.35336538461538464 0.6850961538461539 0.06490384615384616 0.07932692307692307
0 0.34615384615384615 0.4543269230769231 0.06009615384615385 0.06971153846153846
0 0.3425480769230769 0.3485576923076923 0.06009615384615385 0.06009615384615385
0 0.3329326923076923 0.13581730769230768 0.06490384615384616 0.06971153846153846
1 0.27283653846153844 0.7896634615384616 0.05048076923076923 0.06971153846153846
1 0.26802884615384615 0.5733173076923077 0.055288461538461536 0.06490384615384616
1 0.25600961538461536 0.24519230769230768 0.05048076923076923 0.06490384615384616
1 0.35697115384615385 0.9110576923076923 0.057692307692307696 0.06490384615384616
1 0.3473557692307692 0.5673076923076923 0.057692307692307696 0.0673076923076923
1 0.33533653846153844 0.24158653846153846 0.06009615384615385 0.06971153846153846