3 0.4879807692307692 0.5709134615384616 0.9759615384615384 0.8341346153846154
2 0.19230769230769232 0.36177884615384615 0.11057692307692307 0.08653846153846154
2 0.07572115384615384 0.29086538461538464 0.10576923076923077 0.08413461538461539
2 0.18990384615384615 0.28125 0.10576923076923077 0.07451923076923077
2 0.296875 0.27283653846153844 0.10576923076923077 0.07932692307692307
2 0.4098557692307692 0.2668269230769231 0.10576923076923077 0.07932692307692307
2 0.5204326923076923 0.25721153846153844 0.11057692307692307 0.07451923076923077
2 0.6274038461538461 0.25 0.10576923076923077 0.07932692307692307
2 0.734375 0.24158653846153846 0.10336538461538461 0.07451923076923077
2 0.8401442307692307 0.23317307692307693 0.10096153846153846 0.07692307692307693
2 0.12620192307692307 0.8786057692307693 0.11057692307692307 0.07932692307692307
2 0.24158653846153846 0.8689903846153846 0.11298076923076923 0.08413461538461539
2 0.3545673076923077 0.8557692307692307 0.11057692307692307 0.07932692307692307
2 0.4651442307692308 0.84375 0.11057692307692307 0.08173076923076923
2 0.578125 0.8317307692307693 0.11298076923076923 0.08173076923076923
2 0.6875 0.8209134615384616 0.10576923076923077 0.07932692307692307
2 0.7992788461538461 0.8100961538461539 0.10576923076923077 0.07932692307692307
2 0.9050480769230769 0.8016826923076923 0.10576923076923077 0.08173076923076923
2 0.31850961538461536 0.5192307692307693 0.11538461538461539 0.08413461538461539
0 0.31971153846153844 0.5180288461538461 0.06490384615384616 0.057692307692307696
0 0.4338942307692308 0.5120192307692307 0.07211538461538461 0.06009615384615385
0 0.5432692307692307 0.5 0.06009615384615385 0.057692307692307696
0 0.6574519230769231 0.49038461538461536 0.06009615384615385 0.057692307692307696
0 0.7680288461538461 0.4831730769230769 0.0673076923076923 0.0625
1 0.32572115384615385 0.6033653846153846 0.06490384615384616 0.055288461538461536
1 0.4411057692307692 0.59375 0.06971153846153846 0.057692307692307696
1 0.5480769230769231 0.5829326923076923 0.07692307692307693 0.06009615384615385
1 0.6658653846153846 0.5745192307692307 0.0673076923076923 0.057692307692307696
2 0.6634615384615384 0.5757211538461539 0.11057692307692307 0.08413461538461539
2 0.7668269230769231 0.4831730769230769 0.11538461538461539 0.0889423076923077