3 0.4338942307692308 0.4987980769230769 0.84375 0.9975961538461539
2 0.6105769230769231 0.20552884615384615 0.0985576923076923 0.1201923076923077
2 0.5444711538461539 0.33052884615384615 0.0985576923076923 0.11538461538461539
2 0.47475961538461536 0.45552884615384615 0.09134615384615384 0.1201923076923077
2 0.4074519230769231 0.578125 0.09615384615384616 0.11538461538461539
2 0.3401442307692308 0.6995192307692307 0.09375 0.12259615384615384
0 0.6778846153846154 0.08052884615384616 0.0673076923076923 0.07932692307692307
0 0.6286057692307693 0.3173076923076923 0.06971153846153846 0.07932692307692307
0 0.640625 0.43028846153846156 0.07692307692307693 0.07932692307692307
0 0.5757211538461539 0.5528846153846154 0.06490384615384616 0.06971153846153846
0 0.5084134615384616 0.6754807692307693 0.0673076923076923 0.07451923076923077