3 0.4411057692307692 0.4831730769230769 0.7956730769230769 0.9663461538461539
2 0.671875 0.11899038461538461 0.08653846153846154 0.10817307692307693
2 0.6129807692307693 0.765625 0.07932692307692307 0.10336538461538461
0 0.5324519230769231 0.7632211538461539 0.0625 0.06971153846153846
1 0.5456730769230769 0.6574519230769231 0.052884615384615384 0.0673076923076923
1 0.4651442307692308 0.6502403846153846 0.05048076923076923 0.0673076923076923
1 0.4723557692307692 0.5420673076923077 0.057692307692307696 0.0673076923076923
1 0.47836538461538464 0.4411057692307692 0.057692307692307696 0.0673076923076923
1 0.4891826923076923 0.3317307692307692 0.06009615384615385 0.07211538461538461
1 0.39903846153846156 0.43028846153846156 0.0625 0.07451923076923077
0 0.38341346153846156 0.6430288461538461 0.06009615384615385 0.0625
0 0.375 0.7512019230769231 0.06009615384615385 0.0673076923076923
0 0.45552884615384615 0.7560096153846154 0.0625 0.0625
0 0.2920673076923077 0.7512019230769231 0.0625 0.07211538461538461
2 0.40024038461538464 0.4326923076923077 0.08653846153846154 0.11298076923076923
0 0.6129807692307693 0.7680288461538461 0.052884615384615384 0.0625
2 0.16105769230769232 0.4110576923076923 0.07211538461538461 0.10096153846153846