3 0.4639423076923077 0.4987980769230769 0.8605769230769231 0.9975961538461539
0 0.7211538461538461 0.14423076923076922 0.06009615384615385 0.06971153846153846
0 0.6274038461538461 0.23677884615384615 0.06490384615384616 0.08413461538461539
0 0.5324519230769231 0.33533653846153844 0.06009615384615385 0.07451923076923077
0 0.4639423076923077 0.20552884615384615 0.0673076923076923 0.07932692307692307
0 0.38341346153846156 0.1971153846153846 0.06490384615384616 0.07451923076923077
0 0.4362980769230769 0.4338942307692308 0.06971153846153846 0.06971153846153846
0 0.3389423076923077 0.5372596153846154 0.06490384615384616 0.06971153846153846
0 0.3004807692307692 0.19110576923076922 0.0673076923076923 0.08413461538461539
0 0.21875 0.18389423076923078 0.0673076923076923 0.07451923076923077
1 0.5432692307692307 0.22716346153846154 0.0673076923076923 0.08173076923076923
1 0.5168269230769231 0.45072115384615385 0.0673076923076923 0.07692307692307693
1 0.5 0.5492788461538461 0.0625 0.07932692307692307
1 0.48677884615384615 0.65625 0.0625 0.07692307692307693
1 0.4735576923076923 0.7608173076923077 0.0673076923076923 0.07211538461538461
1 0.46033653846153844 0.8665865384615384 0.0625 0.07211538461538461
1 0.453125 0.328125 0.0625 0.07932692307692307
1 0.4182692307692308 0.546875 0.0625 0.07932692307692307
1 0.24879807692307693 0.6310096153846154 0.057692307692307696 0.07211538461538461
2 0.6262019230769231 0.23557692307692307 0.09134615384615384 0.1201923076923077
2 0.5168269230769231 0.4483173076923077 0.08653846153846154 0.11057692307692307
2 0.5036057692307693 0.5540865384615384 0.09134615384615384 0.11057692307692307
2 0.36778846153846156 0.31850961538461536 0.0889423076923077 0.11538461538461539
2 0.3786057692307692 0.20673076923076922 0.09134615384615384 0.11538461538461539
2 0.4639423076923077 0.21875 0.09375 0.1201923076923077