3 0.44471153846153844 0.4987980769230769 0.8894230769230769 0.9975961538461539
2 0.6057692307692307 0.18028846153846154 0.09615384615384616 0.11778846153846154
2 0.6634615384615384 0.056490384615384616 0.09375 0.11298076923076923
2 0.6850961538461539 0.16826923076923078 0.08413461538461539 0.11057692307692307
2 0.7043269230769231 0.27524038461538464 0.0889423076923077 0.11298076923076923
2 0.7223557692307693 0.3858173076923077 0.0889423076923077 0.11298076923076923
2 0.7427884615384616 0.4951923076923077 0.08413461538461539 0.11538461538461539
2 0.7620192307692307 0.5997596153846154 0.0889423076923077 0.11298076923076923
2 0.78125 0.7067307692307693 0.08413461538461539 0.10817307692307693
2 0.8016826923076923 0.8100961538461539 0.08653846153846154 0.10817307692307693
2 0.08413461538461539 0.16826923076923078 0.0889423076923077 0.11778846153846154
2 0.10576923076923077 0.28125 0.09375 0.1201923076923077
2 0.1310096153846154 0.39302884615384615 0.0889423076923077 0.11778846153846154
2 0.15504807692307693 0.5012019230769231 0.09134615384615384 0.11778846153846154
2 0.1778846153846154 0.6129807692307693 0.09134615384615384 0.1201923076923077
2 0.20072115384615385 0.7199519230769231 0.0889423076923077 0.11298076923076923
2 0.22235576923076922 0.8293269230769231 0.0889423076923077 0.11298076923076923
2 0.24278846153846154 0.9350961538461539 0.09134615384615384 0.11298076923076923
2 0.46274038461538464 0.32091346153846156 0.09615384615384616 0.12259615384615384
0 0.4639423076923077 0.32211538461538464 0.0625 0.06971153846153846
0 0.4807692307692308 0.43509615384615385 0.0673076923076923 0.07692307692307693
0 0.5036057692307693 0.5432692307692307 0.0625 0.06490384615384616
0 0.5264423076923077 0.6550480769230769 0.0625 0.06490384615384616
0 0.5444711538461539 0.7644230769230769 0.0673076923076923 0.07211538461538461
1 0.3786057692307692 0.33653846153846156 0.06009615384615385 0.06971153846153846
1 0.4014423076923077 0.4519230769230769 0.06490384615384616 0.07451923076923077
1 0.421875 0.5564903846153846 0.0673076923076923 0.08173076923076923
1 0.44350961538461536 0.671875 0.0625 0.07211538461538461
2 0.4423076923076923 0.6706730769230769 0.09375 0.11778846153846154
2 0.5456730769230769 0.7632211538461539 0.0985576923076923 0.12259615384615384