3 0.4987980769230769 0.5564903846153846 0.9975961538461539 0.8822115384615384
0 0.2403846153846154 0.4014423076923077 0.08413461538461539 0.06971153846153846
1 0.35336538461538464 0.41586538461538464 0.07211538461538461 0.0673076923076923
1 0.3449519230769231 0.5 0.07451923076923077 0.06490384615384616
1 0.4423076923076923 0.5997596153846154 0.07451923076923077 0.0673076923076923
1 0.42788461538461536 0.6754807692307693 0.06971153846153846 0.0625
1 0.41346153846153844 0.7584134615384616 0.07451923076923077 0.06009615384615385
1 0.5408653846153846 0.6911057692307693 0.06971153846153846 0.06009615384615385
1 0.6586538461538461 0.6286057692307693 0.0673076923076923 0.052884615384615384
1 0.6454326923076923 0.7091346153846154 0.06490384615384616 0.0625
1 0.5276442307692307 0.7740384615384616 0.06490384615384616 0.057692307692307696
1 0.6310096153846154 0.7860576923076923 0.06490384615384616 0.055288461538461536
1 0.7355769230769231 0.8028846153846154 0.0673076923076923 0.057692307692307696
0 0.47716346153846156 0.34975961538461536 0.06490384615384616 0.0625
0 0.46153846153846156 0.43509615384615385 0.06971153846153846 0.0625
0 0.5745192307692307 0.4483173076923077 0.07211538461538461 0.0625
0 0.4495192307692308 0.515625 0.06009615384615385 0.055288461538461536
0 0.31971153846153844 0.6622596153846154 0.06490384615384616 0.0625
0 0.30408653846153844 0.7427884615384616 0.07932692307692307 0.0625
0 0.7512019230769231 0.7247596153846154 0.06009615384615385 0.057692307692307696
0 0.7199519230769231 0.8786057692307693 0.057692307692307696 0.055288461538461536
0 0.8389423076923077 0.8185096153846154 0.06009615384615385 0.057692307692307696