3 0.5552884615384616 0.5084134615384616 0.7548076923076923 0.9711538461538461
0 0.4014423076923077 0.8870192307692307 0.0673076923076923 0.08173076923076923
0 0.41586538461538464 0.6598557692307693 0.0625 0.07211538461538461
0 0.42908653846153844 0.4411057692307692 0.07692307692307693 0.08653846153846154
0 0.5048076923076923 0.5480769230769231 0.0625 0.07692307692307693
0 0.5949519230769231 0.4423076923076923 0.07211538461538461 0.07692307692307693
0 0.7487980769230769 0.6766826923076923 0.0673076923076923 0.08413461538461539
2 0.40865384615384615 0.7752403846153846 0.0889423076923077 0.1201923076923077
2 0.4230769230769231 0.5528846153846154 0.0889423076923077 0.11057692307692307
2 0.5096153846153846 0.44591346153846156 0.08413461538461539 0.10576923076923077
2 0.6610576923076923 0.7860576923076923 0.09134615384615384 0.11778846153846154
2 0.8389423076923077 0.35216346153846156 0.07692307692307693 0.10576923076923077
1 0.3485576923076923 0.4338942307692308 0.0625 0.08173076923076923
1 0.43509615384615385 0.33653846153846156 0.06009615384615385 0.07451923076923077
1 0.5012019230769231 0.6658653846153846 0.0673076923076923 0.07932692307692307
1 0.5841346153846154 0.671875 0.0625 0.07451923076923077
1 0.6730769230769231 0.5576923076923077 0.06490384615384616 0.07451923076923077
1 0.7632211538461539 0.3425480769230769 0.0625 0.07932692307692307
2 0.49399038461538464 0.7800480769230769 0.0889423076923077 0.11057692307692307
2 0.5877403846153846 0.5564903846153846 0.08413461538461539 0.11057692307692307
2 0.6754807692307693 0.453125 0.08413461538461539 0.11057692307692307
2 0.7560096153846154 0.4543269230769231 0.08173076923076923 0.11057692307692307