3 0.5 0.5204326923076923 1 0.78125
2 0.5456730769230769 0.6298076923076923 0.10817307692307693 0.08173076923076923
2 0.09375 0.5336538461538461 0.11057692307692307 0.08413461538461539
2 0.8713942307692307 0.7175480769230769 0.10096153846153846 0.07451923076923077
1 0.09735576923076923 0.53125 0.06490384615384616 0.04567307692307692
1 0.3317307692307692 0.28725961538461536 0.06009615384615385 0.04807692307692308
1 0.21153846153846154 0.5348557692307693 0.07211538461538461 0.055288461538461536
1 0.33052884615384615 0.5372596153846154 0.06971153846153846 0.06009615384615385
1 0.4423076923076923 0.5384615384615384 0.06971153846153846 0.055288461538461536
1 0.5480769230769231 0.5444711538461539 0.06490384615384616 0.055288461538461536
1 0.4411057692307692 0.4519230769230769 0.07211538461538461 0.05048076923076923
1 0.6610576923076923 0.4675480769230769 0.06971153846153846 0.055288461538461536
1 0.7692307692307693 0.5516826923076923 0.0673076923076923 0.055288461538461536
0 0.4411057692307692 0.37259615384615385 0.0625 0.06009615384615385
0 0.5552884615384616 0.4651442307692308 0.07451923076923077 0.06009615384615385
0 0.7752403846153846 0.22355769230769232 0.06971153846153846 0.055288461538461536
0 0.7776442307692307 0.30288461538461536 0.06971153846153846 0.055288461538461536
0 0.7692307692307693 0.6346153846153846 0.07451923076923077 0.06009615384615385
0 0.78125 0.46875 0.08173076923076923 0.06009615384615385