3 0.4411057692307692 0.49158653846153844 0.7764423076923077 0.9807692307692307
2 0.6971153846153846 0.08533653846153846 0.08173076923076923 0.10576923076923077
2 0.6153846153846154 0.09014423076923077 0.08413461538461539 0.10336538461538461
2 0.5348557692307693 0.0985576923076923 0.08413461538461539 0.10096153846153846
2 0.4543269230769231 0.10576923076923077 0.08413461538461539 0.10576923076923077
2 0.14423076923076922 0.35216346153846156 0.08413461538461539 0.11057692307692307
2 0.12740384615384615 0.13581730769230768 0.09134615384615384 0.10576923076923077
2 0.7319711538461539 0.5180288461538461 0.0889423076923077 0.11057692307692307
2 0.7584134615384616 0.8341346153846154 0.0889423076923077 0.10336538461538461
2 0.35697115384615385 0.8701923076923077 0.08413461538461539 0.10336538461538461
2 0.19591346153846154 0.8858173076923077 0.08413461538461539 0.10817307692307693
2 0.515625 0.8533653846153846 0.08413461538461539 0.10336538461538461
1 0.6947115384615384 0.08413461538461539 0.052884615384615384 0.07932692307692307
1 0.7331730769230769 0.5120192307692307 0.05048076923076923 0.06971153846153846
1 0.6706730769230769 0.7355769230769231 0.052884615384615384 0.06971153846153846
1 0.2692307692307692 0.7788461538461539 0.052884615384615384 0.08173076923076923
1 0.13581730769230768 0.23918269230769232 0.052884615384615384 0.06971153846153846
1 0.7572115384615384 0.8293269230769231 0.052884615384615384 0.0673076923076923
0 0.625 0.19591346153846154 0.057692307692307696 0.07211538461538461
0 0.578125 0.6358173076923077 0.057692307692307696 0.08413461538461539
0 0.6754807692307693 0.8389423076923077 0.055288461538461536 0.07211538461538461
0 0.1310096153846154 0.1346153846153846 0.052884615384615384 0.07451923076923077
0 0.16466346153846154 0.5685096153846154 0.052884615384615384 0.07451923076923077
0 0.19471153846153846 0.8894230769230769 0.052884615384615384 0.0673076923076923