3 0.4987980769230769 0.5300480769230769 0.9903846153846154 0.7836538461538461
2 0.4675480769230769 0.39903846153846156 0.11538461538461539 0.09375
2 0.796875 0.4375 0.10817307692307693 0.0889423076923077
1 0.33774038461538464 0.5504807692307693 0.0625 0.052884615384615384
1 0.11057692307692307 0.5276442307692307 0.06490384615384616 0.055288461538461536
1 0.20072115384615385 0.7884615384615384 0.07451923076923077 0.057692307692307696
1 0.640625 0.8317307692307693 0.0673076923076923 0.055288461538461536
1 0.31850961538461536 0.7211538461538461 0.06971153846153846 0.06009615384615385
1 0.44350961538461536 0.6514423076923077 0.0673076923076923 0.0673076923076923
0 0.546875 0.6586538461538461 0.057692307692307696 0.06009615384615385
1 0.21514423076923078 0.6225961538461539 0.0673076923076923 0.055288461538461536
1 0.5588942307692307 0.5733173076923077 0.07211538461538461 0.057692307692307696
1 0.7800480769230769 0.6021634615384616 0.0625 0.052884615384615384
1 0.6887019230769231 0.42427884615384615 0.0673076923076923 0.0625
0 0.22235576923076922 0.5408653846153846 0.06009615384615385 0.052884615384615384
0 0.328125 0.6382211538461539 0.06490384615384616 0.055288461538461536
0 0.45072115384615385 0.5612980769230769 0.0625 0.052884615384615384
0 0.6790865384615384 0.5108173076923077 0.06971153846153846 0.06490384615384616
0 0.6670673076923077 0.5853365384615384 0.07211538461538461 0.0625
0 0.6610576923076923 0.6730769230769231 0.06009615384615385 0.0625
0 0.6478365384615384 0.7536057692307693 0.0673076923076923 0.06009615384615385
0 0.8822115384615384 0.609375 0.052884615384615384 0.052884615384615384
2 0.22115384615384615 0.5420673076923077 0.11298076923076923 0.09134615384615384
2 0.21394230769230768 0.6286057692307693 0.11298076923076923 0.09134615384615384
2 0.3173076923076923 0.7211538461538461 0.11298076923076923 0.09134615384615384
2 0.43990384615384615 0.6490384615384616 0.11538461538461539 0.09375
2 0.32572115384615385 0.6370192307692307 0.11298076923076923 0.08653846153846154
2 0.6694711538461539 0.5877403846153846 0.11298076923076923 0.09134615384615384
2 0.4495192307692308 0.5661057692307693 0.11298076923076923 0.08653846153846154
2 0.33653846153846156 0.5552884615384616 0.11778846153846154 0.09375
2 0.10817307692307693 0.53125 0.11778846153846154 0.09375
2 0.19831730769230768 0.7908653846153846 0.10817307692307693 0.08173076923076923
2 0.640625 0.8353365384615384 0.10576923076923077 0.08653846153846154
2 0.6502403846153846 0.7524038461538461 0.10817307692307693 0.08653846153846154
2 0.6610576923076923 0.6730769230769231 0.10817307692307693 0.08653846153846154
2 0.8882211538461539 0.6117788461538461 0.10817307692307693 0.08653846153846154
2 0.5600961538461539 0.578125 0.11298076923076923 0.08653846153846154
2 0.6899038461538461 0.4230769230769231 0.11298076923076923 0.09134615384615384
2 0.6802884615384616 0.5084134615384616 0.11298076923076923 0.0889423076923077
2 0.7800480769230769 0.6021634615384616 0.11298076923076923 0.0889423076923077
2 0.7475961538461539 0.8425480769230769 0.10096153846153846 0.08173076923076923
2 0.7680288461538461 0.6826923076923077 0.10817307692307693 0.08653846153846154