3 0.43509615384615385 0.4987980769230769 0.8701923076923077 0.9975961538461539
0 0.5889423076923077 0.23677884615384615 0.0673076923076923 0.08413461538461539
1 0.5793269230769231 0.35096153846153844 0.06490384615384616 0.07211538461538461
1 0.4951923076923077 0.34615384615384615 0.0625 0.07451923076923077
1 0.39903846153846156 0.44591346153846156 0.06490384615384616 0.07451923076923077
1 0.32211538461538464 0.43509615384615385 0.06009615384615385 0.0673076923076923
1 0.23798076923076922 0.4230769230769231 0.057692307692307696 0.07211538461538461
1 0.31009615384615385 0.5480769230769231 0.057692307692307696 0.0673076923076923
1 0.37740384615384615 0.6634615384615384 0.05048076923076923 0.0673076923076923
1 0.2956730769230769 0.6526442307692307 0.0625 0.06490384615384616
1 0.22716346153846154 0.5372596153846154 0.055288461538461536 0.0625
1 0.21875 0.640625 0.052884615384615384 0.0625
1 0.20552884615384615 0.7463942307692307 0.055288461538461536 0.06490384615384616
0 0.6502403846153846 0.4723557692307692 0.0625 0.06490384615384616
0 0.5637019230769231 0.45913461538461536 0.06009615384615385 0.0673076923076923
0 0.5540865384615384 0.5733173076923077 0.06009615384615385 0.06971153846153846
0 0.4831730769230769 0.4495192307692308 0.055288461538461536 0.057692307692307696
0 0.3317307692307692 0.32572115384615385 0.0625 0.06490384615384616
0 0.25 0.3137019230769231 0.06009615384615385 0.07692307692307693
0 0.28365384615384615 0.7596153846153846 0.057692307692307696 0.057692307692307696
0 0.12980769230769232 0.7331730769230769 0.052884615384615384 0.055288461538461536
0 0.1935096153846154 0.8497596153846154 0.057692307692307696 0.057692307692307696